[gd_scene load_steps=12 format=2]

[sub_resource type="SpatialMaterial" id=2]
albedo_color = Color( 0.501961, 0.352941, 0.796078, 1 )

[sub_resource type="SphereMesh" id=3]

[sub_resource type="SphereShape" id=4]

[sub_resource type="SpatialMaterial" id=5]

[sub_resource type="SphereMesh" id=6]

[sub_resource type="SphereShape" id=7]

[sub_resource type="SpatialMaterial" id=8]
albedo_color = Color( 0.353845, 0.315224, 0.92217, 1 )

[sub_resource type="SphereMesh" id=9]

[sub_resource type="SphereShape" id=10]

[sub_resource type="GDScript" id=11]
script/source = "
extends Node
# Default Behavior
func action(tree, agent) -> void:
	if agent.get_meta(\"Name\") == \"Passant 1\" || agent.is_in_group(\"Passant 1\"):
		var alpha:float = randf() * 2.094395 - 2.094395 /2.0
		agent.apply_impulse(Vector3(0,0,0), Vector3(0.556092 * cos(alpha+0),0, 0.556092*sin(alpha+0)))
"

[sub_resource type="GDScript" id=12]
script/source = "
extends Node
# Default Behavior
func action(tree, agent) -> void:
	if agent.get_meta(\"Name\") == \"Passant 2\" || agent.is_in_group(\"Passant 2\"):
		var alpha:float = randf() * 2.094395 - 2.094395 /2.0
		agent.apply_impulse(Vector3(0,0,0), Vector3(0.942238 * cos(alpha+3.141593),0, 0.942238*sin(alpha+3.141593)))
"

[node name="Simulator" type="Spatial"]

[node name="Entities" type="Node" parent="."]

[node name="Passant 1" type="RigidBody" parent="Entities"]
transform = Transform( 1, 0, 0, 0, 1, 0, 0, 0, 1, -996.946, 0, 0 )
visible = false
gravity_scale = 0.0
contacts_reported = 1
contact_monitor = true
sleeping = true
linear_damp = 5.0
__meta__ = {
"Name": "Passant 1"
}

[node name="130" type="MeshInstance" parent="Entities/Passant 1"]
transform = Transform( 1.3, 0, 0, 0, 1.3, 0, 0, 0, 1.3, 0, 0, 0 )
material_override = SubResource( 2 )
mesh = SubResource( 3 )

[node name="131" type="CollisionShape" parent="Entities/Passant 1"]
shape = SubResource( 4 )

[node name="Passant 2" type="RigidBody" parent="Entities"]
transform = Transform( 1, 0, 0, 0, 1, 0, 0, 0, 1, -1001.05, 0, 0 )
visible = false
gravity_scale = 0.0
contacts_reported = 1
contact_monitor = true
sleeping = true
linear_damp = 5.0
__meta__ = {
"Name": "Passant 2"
}

[node name="132" type="MeshInstance" parent="Entities/Passant 2"]
transform = Transform( 1.3, 0, 0, 0, 1.3, 0, 0, 0, 1.3, 0, 0, 0 )
material_override = SubResource( 5 )
mesh = SubResource( 6 )

[node name="133" type="CollisionShape" parent="Entities/Passant 2"]
shape = SubResource( 7 )

[node name="Agent-3" type="RigidBody" parent="Entities"]
transform = Transform( 1, 0, 0, 0, 1, 0, 0, 0, 1, -999, 0, 0 )
visible = false
gravity_scale = 0.0
contacts_reported = 1
contact_monitor = true
sleeping = true
linear_damp = 5.0
__meta__ = {
"Name": "Agent-3"
}

[node name="134" type="MeshInstance" parent="Entities/Agent-3"]
transform = Transform( 1.3, 0, 0, 0, 1.3, 0, 0, 0, 1.3, 0, 0, 0 )
material_override = SubResource( 8 )
mesh = SubResource( 9 )

[node name="135" type="CollisionShape" parent="Entities/Agent-3"]
shape = SubResource( 10 )

[node name="Behaviors" type="Node" parent="."]

[node name="517" type="Node" parent="Behaviors"]
script = SubResource( 11 )
__meta__ = {
"Agents": "Passant 1",
"Angle": "120",
"Dir": "0",
"Intensity": "2",
"Name": "Mvt 1",
"Type": "Random Force"
}

[node name="33884" type="Node" parent="Behaviors"]
script = SubResource( 12 )
__meta__ = {
"Agents": "Passant 2",
"Angle": "120",
"Dir": "180",
"Intensity": "2",
"Name": "Mvt 2",
"Type": "Random Force"
}

[node name="Groups" type="Node" parent="."]

[node name="Grids" type="Node" parent="."]

[node name="Environment" type="Node" parent="."]

[node name="Agent-1" type="RigidBody" parent="Environment"]
transform = Transform( -0.10636, 0, -0.994328, 0, 1, 0, 0.994328, 0, -0.10636, -33.6018, 0, -1.61114 )
gravity_scale = 0.0
contacts_reported = 1
contact_monitor = true
sleeping = true
linear_damp = 5.0
__meta__ = {
"Name": "Passant 1"
}

[node name="130" type="MeshInstance" parent="Environment/Agent-1"]
transform = Transform( 1.3, 0, 0, 0, 1.3, 0, 0, 0, 1.3, 0, 0, 0 )
material_override = SubResource( 2 )
mesh = SubResource( 3 )

[node name="131" type="CollisionShape" parent="Environment/Agent-1"]
shape = SubResource( 4 )

[node name="Agent-1136" type="RigidBody" parent="Environment"]
transform = Transform( 0.273648, 0, -0.96183, 0, 1, 0, 0.96183, 0, 0.273648, -34.9415, 0, -3.72727 )
gravity_scale = 0.0
contacts_reported = 1
contact_monitor = true
sleeping = true
linear_damp = 5.0
__meta__ = {
"Name": "Passant 1"
}

[node name="130" type="MeshInstance" parent="Environment/Agent-1136"]
transform = Transform( 1.3, 0, 0, 0, 1.3, 0, 0, 0, 1.3, 0, 0, 0 )
material_override = SubResource( 2 )
mesh = SubResource( 3 )

[node name="131" type="CollisionShape" parent="Environment/Agent-1136"]
shape = SubResource( 4 )

[node name="Agent-1137" type="RigidBody" parent="Environment"]
transform = Transform( -0.993245, 0, -0.11604, 0, 1, 0, 0.11604, 0, -0.993245, -32.9397, 0, -3.80491 )
gravity_scale = 0.0
contacts_reported = 1
contact_monitor = true
sleeping = true
linear_damp = 5.0
__meta__ = {
"Name": "Passant 1"
}

[node name="130" type="MeshInstance" parent="Environment/Agent-1137"]
transform = Transform( 1.3, 0, 0, 0, 1.3, 0, 0, 0, 1.3, 0, 0, 0 )
material_override = SubResource( 2 )
mesh = SubResource( 3 )

[node name="131" type="CollisionShape" parent="Environment/Agent-1137"]
shape = SubResource( 4 )

[node name="Agent-1138" type="RigidBody" parent="Environment"]
transform = Transform( 0.858985, 0, 0.512001, 0, 1, 0, -0.512001, 0, 0.858985, -33.5922, 0, -5.93356 )
gravity_scale = 0.0
contacts_reported = 1
contact_monitor = true
sleeping = true
linear_damp = 5.0
__meta__ = {
"Name": "Passant 1"
}

[node name="130" type="MeshInstance" parent="Environment/Agent-1138"]
transform = Transform( 1.3, 0, 0, 0, 1.3, 0, 0, 0, 1.3, 0, 0, 0 )
material_override = SubResource( 2 )
mesh = SubResource( 3 )

[node name="131" type="CollisionShape" parent="Environment/Agent-1138"]
shape = SubResource( 4 )

[node name="Agent-1139" type="RigidBody" parent="Environment"]
transform = Transform( -0.954603, 0, -0.297882, 0, 1, 0, 0.297882, 0, -0.954603, -31.473, 0, -5.18893 )
gravity_scale = 0.0
contacts_reported = 1
contact_monitor = true
sleeping = true
linear_damp = 5.0
__meta__ = {
"Name": "Passant 1"
}

[node name="130" type="MeshInstance" parent="Environment/Agent-1139"]
transform = Transform( 1.3, 0, 0, 0, 1.3, 0, 0, 0, 1.3, 0, 0, 0 )
material_override = SubResource( 2 )
mesh = SubResource( 3 )

[node name="131" type="CollisionShape" parent="Environment/Agent-1139"]
shape = SubResource( 4 )

[node name="Agent-1140" type="RigidBody" parent="Environment"]
transform = Transform( -0.781671, 0, -0.623691, 0, 1, 0, 0.623691, 0, -0.781671, -32.028, 0, -7.18259 )
gravity_scale = 0.0
contacts_reported = 1
contact_monitor = true
sleeping = true
linear_damp = 5.0
__meta__ = {
"Name": "Passant 1"
}

[node name="130" type="MeshInstance" parent="Environment/Agent-1140"]
transform = Transform( 1.3, 0, 0, 0, 1.3, 0, 0, 0, 1.3, 0, 0, 0 )
material_override = SubResource( 2 )
mesh = SubResource( 3 )

[node name="131" type="CollisionShape" parent="Environment/Agent-1140"]
shape = SubResource( 4 )

[node name="Agent-1141" type="RigidBody" parent="Environment"]
transform = Transform( -0.783283, 0, 0.621666, 0, 1, 0, -0.621666, 0, -0.783283, -31.2452, 0, -9.03213 )
gravity_scale = 0.0
contacts_reported = 1
contact_monitor = true
sleeping = true
linear_damp = 5.0
__meta__ = {
"Name": "Passant 1"
}

[node name="130" type="MeshInstance" parent="Environment/Agent-1141"]
transform = Transform( 1.3, 0, 0, 0, 1.3, 0, 0, 0, 1.3, 0, 0, 0 )
material_override = SubResource( 2 )
mesh = SubResource( 3 )

[node name="131" type="CollisionShape" parent="Environment/Agent-1141"]
shape = SubResource( 4 )

[node name="Agent-1142" type="RigidBody" parent="Environment"]
transform = Transform( -0.862513, 0, -0.506034, 0, 1, 0, 0.506034, 0, -0.862513, -30.0738, 0, -6.7056 )
gravity_scale = 0.0
contacts_reported = 1
contact_monitor = true
sleeping = true
linear_damp = 5.0
__meta__ = {
"Name": "Passant 1"
}

[node name="130" type="MeshInstance" parent="Environment/Agent-1142"]
transform = Transform( 1.3, 0, 0, 0, 1.3, 0, 0, 0, 1.3, 0, 0, 0 )
material_override = SubResource( 2 )
mesh = SubResource( 3 )

[node name="131" type="CollisionShape" parent="Environment/Agent-1142"]
shape = SubResource( 4 )

[node name="Agent-1143" type="RigidBody" parent="Environment"]
transform = Transform( -0.4545, 0, -0.890747, 0, 1, 0, 0.890747, 0, -0.4545, -29.3032, 0, -8.55343 )
gravity_scale = 0.0
contacts_reported = 1
contact_monitor = true
sleeping = true
linear_damp = 5.0
__meta__ = {
"Name": "Passant 1"
}

[node name="130" type="MeshInstance" parent="Environment/Agent-1143"]
transform = Transform( 1.3, 0, 0, 0, 1.3, 0, 0, 0, 1.3, 0, 0, 0 )
material_override = SubResource( 2 )
mesh = SubResource( 3 )

[node name="131" type="CollisionShape" parent="Environment/Agent-1143"]
shape = SubResource( 4 )

[node name="Agent-1144" type="RigidBody" parent="Environment"]
transform = Transform( -0.85181, 0, 0.523851, 0, 1, 0, -0.523851, 0, -0.85181, -29.3879, 0, -10.5648 )
gravity_scale = 0.0
contacts_reported = 1
contact_monitor = true
sleeping = true
linear_damp = 5.0
__meta__ = {
"Name": "Passant 1"
}

[node name="130" type="MeshInstance" parent="Environment/Agent-1144"]
transform = Transform( 1.3, 0, 0, 0, 1.3, 0, 0, 0, 1.3, 0, 0, 0 )
material_override = SubResource( 2 )
mesh = SubResource( 3 )

[node name="131" type="CollisionShape" parent="Environment/Agent-1144"]
shape = SubResource( 4 )

[node name="Agent-1145" type="RigidBody" parent="Environment"]
transform = Transform( -0.811328, 0, 0.584591, 0, 1, 0, -0.584591, 0, -0.811328, -27.317, 0, -9.8736 )
gravity_scale = 0.0
contacts_reported = 1
contact_monitor = true
sleeping = true
linear_damp = 5.0
__meta__ = {
"Name": "Passant 1"
}

[node name="130" type="MeshInstance" parent="Environment/Agent-1145"]
transform = Transform( 1.3, 0, 0, 0, 1.3, 0, 0, 0, 1.3, 0, 0, 0 )
material_override = SubResource( 2 )
mesh = SubResource( 3 )

[node name="131" type="CollisionShape" parent="Environment/Agent-1145"]
shape = SubResource( 4 )

[node name="Agent-1146" type="RigidBody" parent="Environment"]
transform = Transform( -0.499144, 0, 0.866519, 0, 1, 0, -0.866519, 0, -0.499144, -27.8945, 0, -11.9369 )
gravity_scale = 0.0
contacts_reported = 1
contact_monitor = true
sleeping = true
linear_damp = 5.0
__meta__ = {
"Name": "Passant 1"
}

[node name="130" type="MeshInstance" parent="Environment/Agent-1146"]
transform = Transform( 1.3, 0, 0, 0, 1.3, 0, 0, 0, 1.3, 0, 0, 0 )
material_override = SubResource( 2 )
mesh = SubResource( 3 )

[node name="131" type="CollisionShape" parent="Environment/Agent-1146"]
shape = SubResource( 4 )

[node name="Agent-1147" type="RigidBody" parent="Environment"]
transform = Transform( -0.45847, 0, 0.88871, 0, 1, 0, -0.88871, 0, -0.45847, -25.3079, 0, -10.155 )
gravity_scale = 0.0
contacts_reported = 1
contact_monitor = true
sleeping = true
linear_damp = 5.0
__meta__ = {
"Name": "Passant 1"
}

[node name="130" type="MeshInstance" parent="Environment/Agent-1147"]
transform = Transform( 1.3, 0, 0, 0, 1.3, 0, 0, 0, 1.3, 0, 0, 0 )
material_override = SubResource( 2 )
mesh = SubResource( 3 )

[node name="131" type="CollisionShape" parent="Environment/Agent-1147"]
shape = SubResource( 4 )

[node name="Agent-1148" type="RigidBody" parent="Environment"]
transform = Transform( 0.560358, 0, 0.82825, 0, 1, 0, -0.82825, 0, 0.560358, -25.867, 0, -12.1127 )
gravity_scale = 0.0
contacts_reported = 1
contact_monitor = true
sleeping = true
linear_damp = 5.0
__meta__ = {
"Name": "Passant 1"
}

[node name="130" type="MeshInstance" parent="Environment/Agent-1148"]
transform = Transform( 1.3, 0, 0, 0, 1.3, 0, 0, 0, 1.3, 0, 0, 0 )
material_override = SubResource( 2 )
mesh = SubResource( 3 )

[node name="131" type="CollisionShape" parent="Environment/Agent-1148"]
shape = SubResource( 4 )

[node name="Agent-1149" type="RigidBody" parent="Environment"]
transform = Transform( -0.0436822, 0, -0.999045, 0, 1, 0, 0.999045, 0, -0.0436822, -23.6189, 0, -11.9849 )
gravity_scale = 0.0
contacts_reported = 1
contact_monitor = true
sleeping = true
linear_damp = 5.0
__meta__ = {
"Name": "Passant 1"
}

[node name="130" type="MeshInstance" parent="Environment/Agent-1149"]
transform = Transform( 1.3, 0, 0, 0, 1.3, 0, 0, 0, 1.3, 0, 0, 0 )
material_override = SubResource( 2 )
mesh = SubResource( 3 )

[node name="131" type="CollisionShape" parent="Environment/Agent-1149"]
shape = SubResource( 4 )

[node name="Agent-1150" type="RigidBody" parent="Environment"]
transform = Transform( -0.474297, 0, 0.880365, 0, 1, 0, -0.880365, 0, -0.474297, -21.9819, 0, -13.1459 )
gravity_scale = 0.0
contacts_reported = 1
contact_monitor = true
sleeping = true
linear_damp = 5.0
__meta__ = {
"Name": "Passant 1"
}

[node name="130" type="MeshInstance" parent="Environment/Agent-1150"]
transform = Transform( 1.3, 0, 0, 0, 1.3, 0, 0, 0, 1.3, 0, 0, 0 )
material_override = SubResource( 2 )
mesh = SubResource( 3 )

[node name="131" type="CollisionShape" parent="Environment/Agent-1150"]
shape = SubResource( 4 )

[node name="Agent-1151" type="RigidBody" parent="Environment"]
transform = Transform( -0.0776876, 0, -0.996978, 0, 1, 0, 0.996978, 0, -0.0776876, -21.2597, 0, -15.0505 )
gravity_scale = 0.0
contacts_reported = 1
contact_monitor = true
sleeping = true
linear_damp = 5.0
__meta__ = {
"Name": "Passant 1"
}

[node name="130" type="MeshInstance" parent="Environment/Agent-1151"]
transform = Transform( 1.3, 0, 0, 0, 1.3, 0, 0, 0, 1.3, 0, 0, 0 )
material_override = SubResource( 2 )
mesh = SubResource( 3 )

[node name="131" type="CollisionShape" parent="Environment/Agent-1151"]
shape = SubResource( 4 )

[node name="Agent-1152" type="RigidBody" parent="Environment"]
transform = Transform( 0.929273, 0, 0.369393, 0, 1, 0, -0.369393, 0, 0.929273, -19.9739, 0, -13.0422 )
gravity_scale = 0.0
contacts_reported = 1
contact_monitor = true
sleeping = true
linear_damp = 5.0
__meta__ = {
"Name": "Passant 1"
}

[node name="130" type="MeshInstance" parent="Environment/Agent-1152"]
transform = Transform( 1.3, 0, 0, 0, 1.3, 0, 0, 0, 1.3, 0, 0, 0 )
material_override = SubResource( 2 )
mesh = SubResource( 3 )

[node name="131" type="CollisionShape" parent="Environment/Agent-1152"]
shape = SubResource( 4 )

[node name="Agent-1153" type="RigidBody" parent="Environment"]
transform = Transform( -0.345624, 0, 0.938373, 0, 1, 0, -0.938373, 0, -0.345624, -19.2483, 0, -14.9099 )
gravity_scale = 0.0
contacts_reported = 1
contact_monitor = true
sleeping = true
linear_damp = 5.0
__meta__ = {
"Name": "Passant 1"
}

[node name="130" type="MeshInstance" parent="Environment/Agent-1153"]
transform = Transform( 1.3, 0, 0, 0, 1.3, 0, 0, 0, 1.3, 0, 0, 0 )
material_override = SubResource( 2 )
mesh = SubResource( 3 )

[node name="131" type="CollisionShape" parent="Environment/Agent-1153"]
shape = SubResource( 4 )

[node name="Agent-1154" type="RigidBody" parent="Environment"]
transform = Transform( -0.981737, 0, -0.190243, 0, 1, 0, 0.190243, 0, -0.981737, -17.9296, 0, -13.2028 )
gravity_scale = 0.0
contacts_reported = 1
contact_monitor = true
sleeping = true
linear_damp = 5.0
__meta__ = {
"Name": "Passant 1"
}

[node name="130" type="MeshInstance" parent="Environment/Agent-1154"]
transform = Transform( 1.3, 0, 0, 0, 1.3, 0, 0, 0, 1.3, 0, 0, 0 )
material_override = SubResource( 2 )
mesh = SubResource( 3 )

[node name="131" type="CollisionShape" parent="Environment/Agent-1154"]
shape = SubResource( 4 )

[node name="Agent-1155" type="RigidBody" parent="Environment"]
transform = Transform( 0.99683, 0, 0.079555, 0, 1, 0, -0.079555, 0, 0.99683, -17.217, 0, -15.089 )
gravity_scale = 0.0
contacts_reported = 1
contact_monitor = true
sleeping = true
linear_damp = 5.0
__meta__ = {
"Name": "Passant 1"
}

[node name="130" type="MeshInstance" parent="Environment/Agent-1155"]
transform = Transform( 1.3, 0, 0, 0, 1.3, 0, 0, 0, 1.3, 0, 0, 0 )
material_override = SubResource( 2 )
mesh = SubResource( 3 )

[node name="131" type="CollisionShape" parent="Environment/Agent-1155"]
shape = SubResource( 4 )

[node name="Agent-1156" type="RigidBody" parent="Environment"]
transform = Transform( 0.314178, 0, -0.949364, 0, 1, 0, 0.949364, 0, 0.314178, -15.5352, 0, -13.5486 )
gravity_scale = 0.0
contacts_reported = 1
contact_monitor = true
sleeping = true
linear_damp = 5.0
__meta__ = {
"Name": "Passant 1"
}

[node name="130" type="MeshInstance" parent="Environment/Agent-1156"]
transform = Transform( 1.3, 0, 0, 0, 1.3, 0, 0, 0, 1.3, 0, 0, 0 )
material_override = SubResource( 2 )
mesh = SubResource( 3 )

[node name="131" type="CollisionShape" parent="Environment/Agent-1156"]
shape = SubResource( 4 )

[node name="Agent-1157" type="RigidBody" parent="Environment"]
transform = Transform( 0.94177, 0, -0.336257, 0, 1, 0, 0.336257, 0, 0.94177, -15.2519, 0, -15.5301 )
gravity_scale = 0.0
contacts_reported = 1
contact_monitor = true
sleeping = true
linear_damp = 5.0
__meta__ = {
"Name": "Passant 1"
}

[node name="130" type="MeshInstance" parent="Environment/Agent-1157"]
transform = Transform( 1.3, 0, 0, 0, 1.3, 0, 0, 0, 1.3, 0, 0, 0 )
material_override = SubResource( 2 )
mesh = SubResource( 3 )

[node name="131" type="CollisionShape" parent="Environment/Agent-1157"]
shape = SubResource( 4 )

[node name="Agent-1158" type="RigidBody" parent="Environment"]
transform = Transform( 0.568979, 0, 0.822352, 0, 1, 0, -0.822352, 0, 0.568979, -13.5348, 0, -13.3932 )
gravity_scale = 0.0
contacts_reported = 1
contact_monitor = true
sleeping = true
linear_damp = 5.0
__meta__ = {
"Name": "Passant 1"
}

[node name="130" type="MeshInstance" parent="Environment/Agent-1158"]
transform = Transform( 1.3, 0, 0, 0, 1.3, 0, 0, 0, 1.3, 0, 0, 0 )
material_override = SubResource( 2 )
mesh = SubResource( 3 )

[node name="131" type="CollisionShape" parent="Environment/Agent-1158"]
shape = SubResource( 4 )

[node name="Agent-1159" type="RigidBody" parent="Environment"]
transform = Transform( -0.856198, 0, -0.516648, 0, 1, 0, 0.516648, 0, -0.856198, -11.6891, 0, -14.1725 )
gravity_scale = 0.0
contacts_reported = 1
contact_monitor = true
sleeping = true
linear_damp = 5.0
__meta__ = {
"Name": "Passant 1"
}

[node name="130" type="MeshInstance" parent="Environment/Agent-1159"]
transform = Transform( 1.3, 0, 0, 0, 1.3, 0, 0, 0, 1.3, 0, 0, 0 )
material_override = SubResource( 2 )
mesh = SubResource( 3 )

[node name="131" type="CollisionShape" parent="Environment/Agent-1159"]
shape = SubResource( 4 )

[node name="Agent-1160" type="RigidBody" parent="Environment"]
transform = Transform( 0.164439, 0, -0.986387, 0, 1, 0, 0.986387, 0, 0.164439, -10.2011, 0, -12.8183 )
gravity_scale = 0.0
contacts_reported = 1
contact_monitor = true
sleeping = true
linear_damp = 5.0
__meta__ = {
"Name": "Passant 1"
}

[node name="130" type="MeshInstance" parent="Environment/Agent-1160"]
transform = Transform( 1.3, 0, 0, 0, 1.3, 0, 0, 0, 1.3, 0, 0, 0 )
material_override = SubResource( 2 )
mesh = SubResource( 3 )

[node name="131" type="CollisionShape" parent="Environment/Agent-1160"]
shape = SubResource( 4 )

[node name="Agent-1161" type="RigidBody" parent="Environment"]
transform = Transform( 0.608247, 0, -0.793748, 0, 1, 0, 0.793748, 0, 0.608247, -8.29057, 0, -13.7642 )
gravity_scale = 0.0
contacts_reported = 1
contact_monitor = true
sleeping = true
linear_damp = 5.0
__meta__ = {
"Name": "Passant 1"
}

[node name="130" type="MeshInstance" parent="Environment/Agent-1161"]
transform = Transform( 1.3, 0, 0, 0, 1.3, 0, 0, 0, 1.3, 0, 0, 0 )
material_override = SubResource( 2 )
mesh = SubResource( 3 )

[node name="131" type="CollisionShape" parent="Environment/Agent-1161"]
shape = SubResource( 4 )

[node name="Agent-1162" type="RigidBody" parent="Environment"]
transform = Transform( 0.819375, 0, -0.573258, 0, 1, 0, 0.573258, 0, 0.819375, -8.01043, 0, -11.7839 )
gravity_scale = 0.0
contacts_reported = 1
contact_monitor = true
sleeping = true
linear_damp = 5.0
__meta__ = {
"Name": "Passant 1"
}

[node name="130" type="MeshInstance" parent="Environment/Agent-1162"]
transform = Transform( 1.3, 0, 0, 0, 1.3, 0, 0, 0, 1.3, 0, 0, 0 )
material_override = SubResource( 2 )
mesh = SubResource( 3 )

[node name="131" type="CollisionShape" parent="Environment/Agent-1162"]
shape = SubResource( 4 )

[node name="Agent-1163" type="RigidBody" parent="Environment"]
transform = Transform( 0.615587, 0, -0.788069, 0, 1, 0, 0.788069, 0, 0.615587, -7.38824, 0, -9.88313 )
gravity_scale = 0.0
contacts_reported = 1
contact_monitor = true
sleeping = true
linear_damp = 5.0
__meta__ = {
"Name": "Passant 1"
}

[node name="130" type="MeshInstance" parent="Environment/Agent-1163"]
transform = Transform( 1.3, 0, 0, 0, 1.3, 0, 0, 0, 1.3, 0, 0, 0 )
material_override = SubResource( 2 )
mesh = SubResource( 3 )

[node name="131" type="CollisionShape" parent="Environment/Agent-1163"]
shape = SubResource( 4 )

[node name="Agent-1164" type="RigidBody" parent="Environment"]
transform = Transform( 0.832833, 0, 0.553525, 0, 1, 0, -0.553525, 0, 0.832833, -7.57252, 0, -7.69815 )
gravity_scale = 0.0
contacts_reported = 1
contact_monitor = true
sleeping = true
linear_damp = 5.0
__meta__ = {
"Name": "Passant 1"
}

[node name="130" type="MeshInstance" parent="Environment/Agent-1164"]
transform = Transform( 1.3, 0, 0, 0, 1.3, 0, 0, 0, 1.3, 0, 0, 0 )
material_override = SubResource( 2 )
mesh = SubResource( 3 )

[node name="131" type="CollisionShape" parent="Environment/Agent-1164"]
shape = SubResource( 4 )

[node name="Agent-1165" type="RigidBody" parent="Environment"]
transform = Transform( -0.251096, 0, 0.967962, 0, 1, 0, -0.967962, 0, -0.251096, -5.77906, 0, -8.69351 )
gravity_scale = 0.0
contacts_reported = 1
contact_monitor = true
sleeping = true
linear_damp = 5.0
__meta__ = {
"Name": "Passant 1"
}

[node name="130" type="MeshInstance" parent="Environment/Agent-1165"]
transform = Transform( 1.3, 0, 0, 0, 1.3, 0, 0, 0, 1.3, 0, 0, 0 )
material_override = SubResource( 2 )
mesh = SubResource( 3 )

[node name="131" type="CollisionShape" parent="Environment/Agent-1165"]
shape = SubResource( 4 )

[node name="Agent-1166" type="RigidBody" parent="Environment"]
transform = Transform( 0.634661, 0, 0.772791, 0, 1, 0, -0.772791, 0, 0.634661, -8.87044, 0, -5.52257 )
gravity_scale = 0.0
contacts_reported = 1
contact_monitor = true
sleeping = true
linear_damp = 5.0
__meta__ = {
"Name": "Passant 1"
}

[node name="130" type="MeshInstance" parent="Environment/Agent-1166"]
transform = Transform( 1.3, 0, 0, 0, 1.3, 0, 0, 0, 1.3, 0, 0, 0 )
material_override = SubResource( 2 )
mesh = SubResource( 3 )

[node name="131" type="CollisionShape" parent="Environment/Agent-1166"]
shape = SubResource( 4 )

[node name="Agent-1167" type="RigidBody" parent="Environment"]
transform = Transform( 0.173337, 0, 0.984863, 0, 1, 0, -0.984863, 0, 0.173337, -4.94815, 0, -4.84348 )
gravity_scale = 0.0
contacts_reported = 1
contact_monitor = true
sleeping = true
linear_damp = 5.0
__meta__ = {
"Name": "Passant 1"
}

[node name="130" type="MeshInstance" parent="Environment/Agent-1167"]
transform = Transform( 1.3, 0, 0, 0, 1.3, 0, 0, 0, 1.3, 0, 0, 0 )
material_override = SubResource( 2 )
mesh = SubResource( 3 )

[node name="131" type="CollisionShape" parent="Environment/Agent-1167"]
shape = SubResource( 4 )

[node name="Agent-1168" type="RigidBody" parent="Environment"]
transform = Transform( 0.473122, 0, -0.880997, 0, 1, 0, 0.880997, 0, 0.473122, -6.81888, 0, -3.7312 )
gravity_scale = 0.0
contacts_reported = 1
contact_monitor = true
sleeping = true
linear_damp = 5.0
__meta__ = {
"Name": "Passant 1"
}

[node name="130" type="MeshInstance" parent="Environment/Agent-1168"]
transform = Transform( 1.3, 0, 0, 0, 1.3, 0, 0, 0, 1.3, 0, 0, 0 )
material_override = SubResource( 2 )
mesh = SubResource( 3 )

[node name="131" type="CollisionShape" parent="Environment/Agent-1168"]
shape = SubResource( 4 )

[node name="Agent-1169" type="RigidBody" parent="Environment"]
transform = Transform( -0.994654, 0, -0.103262, 0, 1, 0, 0.103262, 0, -0.994654, -4.93301, 0, -2.83743 )
gravity_scale = 0.0
contacts_reported = 1
contact_monitor = true
sleeping = true
linear_damp = 5.0
__meta__ = {
"Name": "Passant 1"
}

[node name="130" type="MeshInstance" parent="Environment/Agent-1169"]
transform = Transform( 1.3, 0, 0, 0, 1.3, 0, 0, 0, 1.3, 0, 0, 0 )
material_override = SubResource( 2 )
mesh = SubResource( 3 )

[node name="131" type="CollisionShape" parent="Environment/Agent-1169"]
shape = SubResource( 4 )

[node name="Agent-1170" type="RigidBody" parent="Environment"]
transform = Transform( -0.289553, 0, 0.957162, 0, 1, 0, -0.957162, 0, -0.289553, -1.31192, 0, -2.90978 )
gravity_scale = 0.0
contacts_reported = 1
contact_monitor = true
sleeping = true
linear_damp = 5.0
__meta__ = {
"Name": "Passant 1"
}

[node name="130" type="MeshInstance" parent="Environment/Agent-1170"]
transform = Transform( 1.3, 0, 0, 0, 1.3, 0, 0, 0, 1.3, 0, 0, 0 )
material_override = SubResource( 2 )
mesh = SubResource( 3 )

[node name="131" type="CollisionShape" parent="Environment/Agent-1170"]
shape = SubResource( 4 )

[node name="Agent-1171" type="RigidBody" parent="Environment"]
transform = Transform( -0.876187, 0, -0.481972, 0, 1, 0, 0.481972, 0, -0.876187, -6.63206, 0, -1.73994 )
gravity_scale = 0.0
contacts_reported = 1
contact_monitor = true
sleeping = true
linear_damp = 5.0
__meta__ = {
"Name": "Passant 1"
}

[node name="130" type="MeshInstance" parent="Environment/Agent-1171"]
transform = Transform( 1.3, 0, 0, 0, 1.3, 0, 0, 0, 1.3, 0, 0, 0 )
material_override = SubResource( 2 )
mesh = SubResource( 3 )

[node name="131" type="CollisionShape" parent="Environment/Agent-1171"]
shape = SubResource( 4 )

[node name="Agent-1172" type="RigidBody" parent="Environment"]
transform = Transform( -0.482705, 0, 0.875783, 0, 1, 0, -0.875783, 0, -0.482705, -3.31727, 0, -1.15104 )
gravity_scale = 0.0
contacts_reported = 1
contact_monitor = true
sleeping = true
linear_damp = 5.0
__meta__ = {
"Name": "Passant 1"
}

[node name="130" type="MeshInstance" parent="Environment/Agent-1172"]
transform = Transform( 1.3, 0, 0, 0, 1.3, 0, 0, 0, 1.3, 0, 0, 0 )
material_override = SubResource( 2 )
mesh = SubResource( 3 )

[node name="131" type="CollisionShape" parent="Environment/Agent-1172"]
shape = SubResource( 4 )

[node name="Agent-1173" type="RigidBody" parent="Environment"]
transform = Transform( -0.174649, 0, -0.984631, 0, 1, 0, 0.984631, 0, -0.174649, 0.344364, 0, 0.747282 )
gravity_scale = 0.0
contacts_reported = 1
contact_monitor = true
sleeping = true
linear_damp = 5.0
__meta__ = {
"Name": "Passant 1"
}

[node name="130" type="MeshInstance" parent="Environment/Agent-1173"]
transform = Transform( 1.3, 0, 0, 0, 1.3, 0, 0, 0, 1.3, 0, 0, 0 )
material_override = SubResource( 2 )
mesh = SubResource( 3 )

[node name="131" type="CollisionShape" parent="Environment/Agent-1173"]
shape = SubResource( 4 )

[node name="Agent-1174" type="RigidBody" parent="Environment"]
transform = Transform( 0.957695, 0, -0.287784, 0, 1, 0, 0.287784, 0, 0.957695, -0.669317, 0, -1.0032 )
gravity_scale = 0.0
contacts_reported = 1
contact_monitor = true
sleeping = true
linear_damp = 5.0
__meta__ = {
"Name": "Passant 1"
}

[node name="130" type="MeshInstance" parent="Environment/Agent-1174"]
transform = Transform( 1.3, 0, 0, 0, 1.3, 0, 0, 0, 1.3, 0, 0, 0 )
material_override = SubResource( 2 )
mesh = SubResource( 3 )

[node name="131" type="CollisionShape" parent="Environment/Agent-1174"]
shape = SubResource( 4 )

[node name="Agent-1175" type="RigidBody" parent="Environment"]
transform = Transform( 0.991684, 0, -0.1287, 0, 1, 0, 0.1287, 0, 0.991684, 1.51056, 0, -0.922813 )
gravity_scale = 0.0
contacts_reported = 1
contact_monitor = true
sleeping = true
linear_damp = 5.0
__meta__ = {
"Name": "Passant 1"
}

[node name="130" type="MeshInstance" parent="Environment/Agent-1175"]
transform = Transform( 1.3, 0, 0, 0, 1.3, 0, 0, 0, 1.3, 0, 0, 0 )
material_override = SubResource( 2 )
mesh = SubResource( 3 )

[node name="131" type="CollisionShape" parent="Environment/Agent-1175"]
shape = SubResource( 4 )

[node name="Agent-1176" type="RigidBody" parent="Environment"]
transform = Transform( 0.884596, 0, -0.466359, 0, 1, 0, 0.466359, 0, 0.884596, 2.61185, 0, 0.774775 )
gravity_scale = 0.0
contacts_reported = 1
contact_monitor = true
sleeping = true
linear_damp = 5.0
__meta__ = {
"Name": "Passant 1"
}

[node name="130" type="MeshInstance" parent="Environment/Agent-1176"]
transform = Transform( 1.3, 0, 0, 0, 1.3, 0, 0, 0, 1.3, 0, 0, 0 )
material_override = SubResource( 2 )
mesh = SubResource( 3 )

[node name="131" type="CollisionShape" parent="Environment/Agent-1176"]
shape = SubResource( 4 )

[node name="Agent-1177" type="RigidBody" parent="Environment"]
transform = Transform( -0.0511742, 0, 0.99869, 0, 1, 0, -0.99869, 0, -0.0511742, 3.57343, 0, -0.978932 )
gravity_scale = 0.0
contacts_reported = 1
contact_monitor = true
sleeping = true
linear_damp = 5.0
__meta__ = {
"Name": "Passant 1"
}

[node name="130" type="MeshInstance" parent="Environment/Agent-1177"]
transform = Transform( 1.3, 0, 0, 0, 1.3, 0, 0, 0, 1.3, 0, 0, 0 )
material_override = SubResource( 2 )
mesh = SubResource( 3 )

[node name="131" type="CollisionShape" parent="Environment/Agent-1177"]
shape = SubResource( 4 )

[node name="Agent-1178" type="RigidBody" parent="Environment"]
transform = Transform( 0.891174, 0, 0.453661, 0, 1, 0, -0.453661, 0, 0.891174, 4.76227, 0, 1.29917 )
gravity_scale = 0.0
contacts_reported = 1
contact_monitor = true
sleeping = true
linear_damp = 5.0
__meta__ = {
"Name": "Passant 1"
}

[node name="130" type="MeshInstance" parent="Environment/Agent-1178"]
transform = Transform( 1.3, 0, 0, 0, 1.3, 0, 0, 0, 1.3, 0, 0, 0 )
material_override = SubResource( 2 )
mesh = SubResource( 3 )

[node name="131" type="CollisionShape" parent="Environment/Agent-1178"]
shape = SubResource( 4 )

[node name="Agent-1179" type="RigidBody" parent="Environment"]
transform = Transform( -0.894869, 0, -0.446328, 0, 1, 0, 0.446328, 0, -0.894869, 5.56117, 0, -0.75785 )
gravity_scale = 0.0
contacts_reported = 1
contact_monitor = true
sleeping = true
linear_damp = 5.0
__meta__ = {
"Name": "Passant 1"
}

[node name="130" type="MeshInstance" parent="Environment/Agent-1179"]
transform = Transform( 1.3, 0, 0, 0, 1.3, 0, 0, 0, 1.3, 0, 0, 0 )
material_override = SubResource( 2 )
mesh = SubResource( 3 )

[node name="131" type="CollisionShape" parent="Environment/Agent-1179"]
shape = SubResource( 4 )

[node name="Agent-1180" type="RigidBody" parent="Environment"]
transform = Transform( -0.130865, 0, 0.9914, 0, 1, 0, -0.9914, 0, -0.130865, 7.41866, 0, -0.0160023 )
gravity_scale = 0.0
contacts_reported = 1
contact_monitor = true
sleeping = true
linear_damp = 5.0
__meta__ = {
"Name": "Passant 1"
}

[node name="130" type="MeshInstance" parent="Environment/Agent-1180"]
transform = Transform( 1.3, 0, 0, 0, 1.3, 0, 0, 0, 1.3, 0, 0, 0 )
material_override = SubResource( 2 )
mesh = SubResource( 3 )

[node name="131" type="CollisionShape" parent="Environment/Agent-1180"]
shape = SubResource( 4 )

[node name="Agent-1181" type="RigidBody" parent="Environment"]
transform = Transform( 0.942681, 0, 0.333694, 0, 1, 0, -0.333694, 0, 0.942681, 5.70759, 0, -2.76925 )
gravity_scale = 0.0
contacts_reported = 1
contact_monitor = true
sleeping = true
linear_damp = 5.0
__meta__ = {
"Name": "Passant 1"
}

[node name="130" type="MeshInstance" parent="Environment/Agent-1181"]
transform = Transform( 1.3, 0, 0, 0, 1.3, 0, 0, 0, 1.3, 0, 0, 0 )
material_override = SubResource( 2 )
mesh = SubResource( 3 )

[node name="131" type="CollisionShape" parent="Environment/Agent-1181"]
shape = SubResource( 4 )

[node name="Agent-1182" type="RigidBody" parent="Environment"]
transform = Transform( 0.992954, 0, 0.118498, 0, 1, 0, -0.118498, 0, 0.992954, 7.63634, 0, -2.11455 )
gravity_scale = 0.0
contacts_reported = 1
contact_monitor = true
sleeping = true
linear_damp = 5.0
__meta__ = {
"Name": "Passant 1"
}

[node name="130" type="MeshInstance" parent="Environment/Agent-1182"]
transform = Transform( 1.3, 0, 0, 0, 1.3, 0, 0, 0, 1.3, 0, 0, 0 )
material_override = SubResource( 2 )
mesh = SubResource( 3 )

[node name="131" type="CollisionShape" parent="Environment/Agent-1182"]
shape = SubResource( 4 )

[node name="Agent-1183" type="RigidBody" parent="Environment"]
transform = Transform( 0.494383, 0, -0.869244, 0, 1, 0, 0.869244, 0, 0.494383, 9.62198, 0, -1.87294 )
gravity_scale = 0.0
contacts_reported = 1
contact_monitor = true
sleeping = true
linear_damp = 5.0
__meta__ = {
"Name": "Passant 1"
}

[node name="130" type="MeshInstance" parent="Environment/Agent-1183"]
transform = Transform( 1.3, 0, 0, 0, 1.3, 0, 0, 0, 1.3, 0, 0, 0 )
material_override = SubResource( 2 )
mesh = SubResource( 3 )

[node name="131" type="CollisionShape" parent="Environment/Agent-1183"]
shape = SubResource( 4 )

[node name="Agent-1184" type="RigidBody" parent="Environment"]
transform = Transform( 0.302778, 0, 0.953061, 0, 1, 0, -0.953061, 0, 0.302778, 8.20577, 0, -4.03199 )
gravity_scale = 0.0
contacts_reported = 1
contact_monitor = true
sleeping = true
linear_damp = 5.0
__meta__ = {
"Name": "Passant 1"
}

[node name="130" type="MeshInstance" parent="Environment/Agent-1184"]
transform = Transform( 1.3, 0, 0, 0, 1.3, 0, 0, 0, 1.3, 0, 0, 0 )
material_override = SubResource( 2 )
mesh = SubResource( 3 )

[node name="131" type="CollisionShape" parent="Environment/Agent-1184"]
shape = SubResource( 4 )

[node name="Agent-1185" type="RigidBody" parent="Environment"]
transform = Transform( -0.922908, 0, 0.38502, 0, 1, 0, -0.38502, 0, -0.922908, 10.2778, 0, -3.78045 )
gravity_scale = 0.0
contacts_reported = 1
contact_monitor = true
sleeping = true
linear_damp = 5.0
__meta__ = {
"Name": "Passant 1"
}

[node name="130" type="MeshInstance" parent="Environment/Agent-1185"]
transform = Transform( 1.3, 0, 0, 0, 1.3, 0, 0, 0, 1.3, 0, 0, 0 )
material_override = SubResource( 2 )
mesh = SubResource( 3 )

[node name="131" type="CollisionShape" parent="Environment/Agent-1185"]
shape = SubResource( 4 )

[node name="Agent-1186" type="RigidBody" parent="Environment"]
transform = Transform( 0.614806, 0, 0.788679, 0, 1, 0, -0.788679, 0, 0.614806, 9.4051, 0, -5.6325 )
gravity_scale = 0.0
contacts_reported = 1
contact_monitor = true
sleeping = true
linear_damp = 5.0
__meta__ = {
"Name": "Passant 1"
}

[node name="130" type="MeshInstance" parent="Environment/Agent-1186"]
transform = Transform( 1.3, 0, 0, 0, 1.3, 0, 0, 0, 1.3, 0, 0, 0 )
material_override = SubResource( 2 )
mesh = SubResource( 3 )

[node name="131" type="CollisionShape" parent="Environment/Agent-1186"]
shape = SubResource( 4 )

[node name="Agent-1187" type="RigidBody" parent="Environment"]
transform = Transform( -0.46363, 0, -0.886029, 0, 1, 0, 0.886029, 0, -0.46363, 12.3512, 0, -3.81317 )
gravity_scale = 0.0
contacts_reported = 1
contact_monitor = true
sleeping = true
linear_damp = 5.0
__meta__ = {
"Name": "Passant 1"
}

[node name="130" type="MeshInstance" parent="Environment/Agent-1187"]
transform = Transform( 1.3, 0, 0, 0, 1.3, 0, 0, 0, 1.3, 0, 0, 0 )
material_override = SubResource( 2 )
mesh = SubResource( 3 )

[node name="131" type="CollisionShape" parent="Environment/Agent-1187"]
shape = SubResource( 4 )

[node name="Agent-1188" type="RigidBody" parent="Environment"]
transform = Transform( 0.970167, 0, -0.242438, 0, 1, 0, 0.242438, 0, 0.970167, 13.4873, 0, -5.77129 )
gravity_scale = 0.0
contacts_reported = 1
contact_monitor = true
sleeping = true
linear_damp = 5.0
__meta__ = {
"Name": "Passant 1"
}

[node name="130" type="MeshInstance" parent="Environment/Agent-1188"]
transform = Transform( 1.3, 0, 0, 0, 1.3, 0, 0, 0, 1.3, 0, 0, 0 )
material_override = SubResource( 2 )
mesh = SubResource( 3 )

[node name="131" type="CollisionShape" parent="Environment/Agent-1188"]
shape = SubResource( 4 )

[node name="Agent-1189" type="RigidBody" parent="Environment"]
transform = Transform( -0.570274, 0, -0.821455, 0, 1, 0, 0.821455, 0, -0.570274, 9.93406, 0, -7.62421 )
gravity_scale = 0.0
contacts_reported = 1
contact_monitor = true
sleeping = true
linear_damp = 5.0
__meta__ = {
"Name": "Passant 1"
}

[node name="130" type="MeshInstance" parent="Environment/Agent-1189"]
transform = Transform( 1.3, 0, 0, 0, 1.3, 0, 0, 0, 1.3, 0, 0, 0 )
material_override = SubResource( 2 )
mesh = SubResource( 3 )

[node name="131" type="CollisionShape" parent="Environment/Agent-1189"]
shape = SubResource( 4 )

[node name="Agent-1190" type="RigidBody" parent="Environment"]
transform = Transform( 0.959076, 0, 0.28315, 0, 1, 0, -0.28315, 0, 0.959076, 11.9666, 0, -7.5423 )
gravity_scale = 0.0
contacts_reported = 1
contact_monitor = true
sleeping = true
linear_damp = 5.0
__meta__ = {
"Name": "Passant 1"
}

[node name="130" type="MeshInstance" parent="Environment/Agent-1190"]
transform = Transform( 1.3, 0, 0, 0, 1.3, 0, 0, 0, 1.3, 0, 0, 0 )
material_override = SubResource( 2 )
mesh = SubResource( 3 )

[node name="131" type="CollisionShape" parent="Environment/Agent-1190"]
shape = SubResource( 4 )

[node name="Agent-1191" type="RigidBody" parent="Environment"]
transform = Transform( -0.4942, 0, 0.869348, 0, 1, 0, -0.869348, 0, -0.4942, 14.2776, 0, -7.61081 )
gravity_scale = 0.0
contacts_reported = 1
contact_monitor = true
sleeping = true
linear_damp = 5.0
__meta__ = {
"Name": "Passant 1"
}

[node name="130" type="MeshInstance" parent="Environment/Agent-1191"]
transform = Transform( 1.3, 0, 0, 0, 1.3, 0, 0, 0, 1.3, 0, 0, 0 )
material_override = SubResource( 2 )
mesh = SubResource( 3 )

[node name="131" type="CollisionShape" parent="Environment/Agent-1191"]
shape = SubResource( 4 )

[node name="Agent-1192" type="RigidBody" parent="Environment"]
transform = Transform( 0.897293, 0, -0.441435, 0, 1, 0, 0.441435, 0, 0.897293, 10.66, 0, -10.8664 )
gravity_scale = 0.0
contacts_reported = 1
contact_monitor = true
sleeping = true
linear_damp = 5.0
__meta__ = {
"Name": "Passant 1"
}

[node name="130" type="MeshInstance" parent="Environment/Agent-1192"]
transform = Transform( 1.3, 0, 0, 0, 1.3, 0, 0, 0, 1.3, 0, 0, 0 )
material_override = SubResource( 2 )
mesh = SubResource( 3 )

[node name="131" type="CollisionShape" parent="Environment/Agent-1192"]
shape = SubResource( 4 )

[node name="Agent-1193" type="RigidBody" parent="Environment"]
transform = Transform( -0.841316, 0, 0.540544, 0, 1, 0, -0.540544, 0, -0.841316, 14.6508, 0, -11.5782 )
gravity_scale = 0.0
contacts_reported = 1
contact_monitor = true
sleeping = true
linear_damp = 5.0
__meta__ = {
"Name": "Passant 1"
}

[node name="130" type="MeshInstance" parent="Environment/Agent-1193"]
transform = Transform( 1.3, 0, 0, 0, 1.3, 0, 0, 0, 1.3, 0, 0, 0 )
material_override = SubResource( 2 )
mesh = SubResource( 3 )

[node name="131" type="CollisionShape" parent="Environment/Agent-1193"]
shape = SubResource( 4 )

[node name="Agent-1194" type="RigidBody" parent="Environment"]
transform = Transform( 0.996173, 0, -0.0874027, 0, 1, 0, 0.0874027, 0, 0.996173, 17.0404, 0, -7.15293 )
gravity_scale = 0.0
contacts_reported = 1
contact_monitor = true
sleeping = true
linear_damp = 5.0
__meta__ = {
"Name": "Passant 1"
}

[node name="130" type="MeshInstance" parent="Environment/Agent-1194"]
transform = Transform( 1.3, 0, 0, 0, 1.3, 0, 0, 0, 1.3, 0, 0, 0 )
material_override = SubResource( 2 )
mesh = SubResource( 3 )

[node name="131" type="CollisionShape" parent="Environment/Agent-1194"]
shape = SubResource( 4 )

[node name="Agent-1195" type="RigidBody" parent="Environment"]
transform = Transform( -0.90374, 0, -0.428081, 0, 1, 0, 0.428081, 0, -0.90374, 16.4211, 0, -12.5241 )
gravity_scale = 0.0
contacts_reported = 1
contact_monitor = true
sleeping = true
linear_damp = 5.0
__meta__ = {
"Name": "Passant 1"
}

[node name="130" type="MeshInstance" parent="Environment/Agent-1195"]
transform = Transform( 1.3, 0, 0, 0, 1.3, 0, 0, 0, 1.3, 0, 0, 0 )
material_override = SubResource( 2 )
mesh = SubResource( 3 )

[node name="131" type="CollisionShape" parent="Environment/Agent-1195"]
