[gd_scene load_steps=10 format=2]

[sub_resource type="Environment" id=1]
background_mode = 1
background_color = Color( 1, 1, 1, 1 )

[sub_resource type="SpatialMaterial" id=2]
albedo_color = Color( 0.735984, 0.621225, 0.962688, 1 )

[sub_resource type="SphereMesh" id=3]

[sub_resource type="SphereShape" id=4]

[sub_resource type="SpatialMaterial" id=5]
albedo_color = Color( 0.978975, 0.256011, 0.734578, 1 )

[sub_resource type="SphereMesh" id=6]

[sub_resource type="SphereShape" id=7]

[sub_resource type="GDScript" id=8]
script/source = "
extends Node
# Default Behavior
func action(tree, agent) -> void:
	if agent.get_meta(\"Name\") == \"Agent-1\" || agent.is_in_group(\"Agent-1\"):
		var alpha:float = randf() * 6.283185 - 6.283185 /2.0
		agent.apply_impulse(Vector3(0,0,0), Vector3(1*cos(alpha+0),0,1*sin(alpha+0)))
"

[sub_resource type="GDScript" id=9]
script/source = "
extends Node
# Default Behavior
func action(tree, agent) -> void:
	if agent.get_meta(\"Name\") == \"Agent-2\" || agent.is_in_group(\"Agent-2\"):
		var alpha:float = randf() * 6.283185 - 6.283185 /2.0
		agent.apply_impulse(Vector3(0,0,0), Vector3(.2*cos(alpha+0),0,.2*sin(alpha+0)))
"

[node name="Simulator" type="Spatial"]

[node name="Camera" type="Camera" parent="."]
transform = Transform( 1, 0, 0, 0, -4.37114e-08, -1, 0, 1, -4.37114e-08, 0, -100, 0 )
environment = SubResource( 1 )
projection = 1
current = true
size = 80.0
far = 200.0

[node name="DirectionalLight" type="DirectionalLight" parent="."]
transform = Transform( 1, 0, 0, 0, 0.906308, -0.422618, 0, 0.422618, 0.906308, 0, 12, 0 )

[node name="Entities" type="Node" parent="."]

[node name="Agent-1" type="RigidBody" parent="Entities"]
transform = Transform( 1, 0, 0, 0, 1, 0, 0, 0, 1, -997.976, 0, 0 )
visible = false
gravity_scale = 0.0
contacts_reported = 1
contact_monitor = true
sleeping = true
linear_damp = 5.0

[node name="79" type="MeshInstance" parent="Entities/Agent-1"]
transform = Transform( 1.3, 0, 0, 0, 1.3, 0, 0, 0, 1.3, 0, 0, 0 )
material_override = SubResource( 2 )
mesh = SubResource( 3 )

[node name="80" type="CollisionShape" parent="Entities/Agent-1"]
shape = SubResource( 4 )

[node name="Agent-2" type="RigidBody" parent="Entities"]
transform = Transform( 1, 0, 0, 0, 1, 0, 0, 0, 1, -1000.02, 0, 0 )
visible = false
gravity_scale = 0.0
contacts_reported = 1
contact_monitor = true
sleeping = true
linear_damp = 5.0

[node name="83" type="MeshInstance" parent="Entities/Agent-2"]
transform = Transform( 1.3, 0, 0, 0, 1.3, 0, 0, 0, 1.3, 0, 0, 0 )
material_override = SubResource( 5 )
mesh = SubResource( 6 )

[node name="84" type="CollisionShape" parent="Entities/Agent-2"]
shape = SubResource( 7 )

[node name="Behaviors" type="Node" parent="."]

[node name="85" type="Node" parent="Behaviors"]
script = SubResource( 8 )
__meta__ = {
"Agents": "Agent-1",
"Angle": "360",
"Dir": "0",
"Intensity": "1",
"Name": "Au choix",
"Type": "Random Force"
}

[node name="138" type="Node" parent="Behaviors"]
script = SubResource( 9 )
__meta__ = {
"Agents": "Agent-2",
"Angle": "360",
"Dir": "0",
"Intensity": ".2",
"Name": "Au choix",
"Type": "Random Force"
}

[node name="Groups" type="Node" parent="."]

[node name="Grids" type="Node" parent="."]

[node name="Environment" type="Node" parent="."]

[node name="Agent-1" type="RigidBody" parent="Environment"]
transform = Transform( 0.447468, 0, 0.8943, 0, 1, 0, -0.8943, 0, 0.447468, -27.4391, 0, 29.8203 )
gravity_scale = 0.0
contacts_reported = 1
contact_monitor = true
linear_velocity = Vector3( -0.000254004, 0, 0.000216889 )
linear_damp = 5.0
angular_velocity = Vector3( 0, 0.408638, 0 )
__meta__ = {
"Name": "Agent-1"
}

[node name="79" type="MeshInstance" parent="Environment/Agent-1"]
transform = Transform( 1.3, 0, 0, 0, 1.3, 0, 0, 0, 1.3, 0, 0, 0 )
material_override = SubResource( 2 )
mesh = SubResource( 3 )

[node name="80" type="CollisionShape" parent="Environment/Agent-1"]
shape = SubResource( 4 )

[node name="Agent-186" type="RigidBody" parent="Environment"]
transform = Transform( 0.999999, 0, -0.00143225, 0, 1, 0, 0.00143225, 0, 0.999999, 13.6265, 0, 22.607 )
gravity_scale = 0.0
contacts_reported = 1
contact_monitor = true
linear_velocity = Vector3( -0.000621378, 0, 0.000319866 )
linear_damp = 5.0
angular_velocity = Vector3( 0, 0.176795, 0 )
__meta__ = {
"Name": "Agent-1"
}

[node name="79" type="MeshInstance" parent="Environment/Agent-186"]
transform = Transform( 1.3, 0, 0, 0, 1.3, 0, 0, 0, 1.3, 0, 0, 0 )
material_override = SubResource( 2 )
mesh = SubResource( 3 )

[node name="80" type="CollisionShape" parent="Environment/Agent-186"]
shape = SubResource( 4 )

[node name="Agent-187" type="RigidBody" parent="Environment"]
transform = Transform( 0.999974, 0, 0.00718523, 0, 1, 0, -0.00718523, 0, 0.999974, -40.4029, 0, 34.7921 )
gravity_scale = 0.0
contacts_reported = 1
contact_monitor = true
linear_velocity = Vector3( -0.00011293, 0, -6.26626e-05 )
linear_damp = 5.0
angular_velocity = Vector3( 0, 0.408619, 0 )
__meta__ = {
"Name": "Agent-1"
}

[node name="79" type="MeshInstance" parent="Environment/Agent-187"]
transform = Transform( 1.3, 0, 0, 0, 1.3, 0, 0, 0, 1.3, 0, 0, 0 )
material_override = SubResource( 2 )
mesh = SubResource( 3 )

[node name="80" type="CollisionShape" parent="Environment/Agent-187"]
shape = SubResource( 4 )

[node name="Agent-188" type="RigidBody" parent="Environment"]
transform = Transform( 0.268336, 0, -0.963325, 0, 1, 0, 0.963325, 0, 0.268336, 22.6339, 0, 8.05817 )
gravity_scale = 0.0
contacts_reported = 1
contact_monitor = true
linear_velocity = Vector3( -9.70732e-05, 0, -0.000420158 )
linear_damp = 5.0
angular_velocity = Vector3( 0, 0.176788, 0 )
__meta__ = {
"Name": "Agent-1"
}

[node name="79" type="MeshInstance" parent="Environment/Agent-188"]
transform = Transform( 1.3, 0, 0, 0, 1.3, 0, 0, 0, 1.3, 0, 0, 0 )
material_override = SubResource( 2 )
mesh = SubResource( 3 )

[node name="80" type="CollisionShape" parent="Environment/Agent-188"]
shape = SubResource( 4 )

[node name="Agent-189" type="RigidBody" parent="Environment"]
transform = Transform( -0.0630277, 0, 0.998012, 0, 1, 0, -0.998012, 0, -0.0630277, -38.7783, 0, -0.530413 )
gravity_scale = 0.0
contacts_reported = 1
contact_monitor = true
linear_velocity = Vector3( -0.000443595, 0, 0.000310996 )
linear_damp = 5.0
__meta__ = {
"Name": "Agent-1"
}

[node name="79" type="MeshInstance" parent="Environment/Agent-189"]
transform = Transform( 1.3, 0, 0, 0, 1.3, 0, 0, 0, 1.3, 0, 0, 0 )
material_override = SubResource( 2 )
mesh = SubResource( 3 )

[node name="80" type="CollisionShape" parent="Environment/Agent-189"]
shape = SubResource( 4 )

[node name="Agent-190" type="RigidBody" parent="Environment"]
transform = Transform( 0.999748, 0, -0.0224548, 0, 1, 0, 0.0224548, 0, 0.999748, -28.5662, 0, 15.1927 )
gravity_scale = 0.0
contacts_reported = 1
contact_monitor = true
linear_velocity = Vector3( -0.000194312, 0, -5.05167e-05 )
linear_damp = 5.0
angular_velocity = Vector3( 0, 3.09816, 0 )
__meta__ = {
"Name": "Agent-1"
}

[node name="79" type="MeshInstance" parent="Environment/Agent-190"]
transform = Transform( 1.3, 0, 0, 0, 1.3, 0, 0, 0, 1.3, 0, 0, 0 )
material_override = SubResource( 2 )
mesh = SubResource( 3 )

[node name="80" type="CollisionShape" parent="Environment/Agent-190"]
shape = SubResource( 4 )

[node name="Agent-191" type="RigidBody" parent="Environment"]
transform = Transform( 0.998944, 0, -0.0459546, 0, 1, 0, 0.0459546, 0, 0.998944, -30.8866, 0, -6.33544 )
gravity_scale = 0.0
contacts_reported = 1
contact_monitor = true
linear_velocity = Vector3( -0.000526233, 0, 9.83506e-05 )
linear_damp = 5.0
angular_velocity = Vector3( 0, 2.35905, 0 )
__meta__ = {
"Name": "Agent-1"
}

[node name="79" type="MeshInstance" parent="Environment/Agent-191"]
transform = Transform( 1.3, 0, 0, 0, 1.3, 0, 0, 0, 1.3, 0, 0, 0 )
material_override = SubResource( 2 )
mesh = SubResource( 3 )

[node name="80" type="CollisionShape" parent="Environment/Agent-191"]
shape = SubResource( 4 )

[node name="Agent-192" type="RigidBody" parent="Environment"]
transform = Transform( 0.997486, 0, 0.0708659, 0, 1, 0, -0.0708659, 0, 0.997486, -31.6969, 0, 21.4236 )
gravity_scale = 0.0
contacts_reported = 1
contact_monitor = true
linear_velocity = Vector3( -0.000418471, 0, -0.000189984 )
linear_damp = 5.0
angular_velocity = Vector3( 0, -0.550066, 0 )
__meta__ = {
"Name": "Agent-1"
}

[node name="79" type="MeshInstance" parent="Environment/Agent-192"]
transform = Transform( 1.3, 0, 0, 0, 1.3, 0, 0, 0, 1.3, 0, 0, 0 )
material_override = SubResource( 2 )
mesh = SubResource( 3 )

[node name="80" type="CollisionShape" parent="Environment/Agent-192"]
shape = SubResource( 4 )

[node name="Agent-193" type="RigidBody" parent="Environment"]
transform = Transform( 0.893531, 0, -0.449002, 0, 1, 0, 0.449002, 0, 0.893531, -34.2299, 0, 5.84425 )
gravity_scale = 0.0
contacts_reported = 1
contact_monitor = true
linear_velocity = Vector3( 0.000337293, 0, -0.000399759 )
linear_damp = 5.0
angular_velocity = Vector3( 0, 1.09036, 0 )
__meta__ = {
"Name": "Agent-1"
}

[node name="79" type="MeshInstance" parent="Environment/Agent-193"]
transform = Transform( 1.3, 0, 0, 0, 1.3, 0, 0, 0, 1.3, 0, 0, 0 )
material_override = SubResource( 2 )
mesh = SubResource( 3 )

[node name="80" type="CollisionShape" parent="Environment/Agent-193"]
shape = SubResource( 4 )

[node name="Agent-194" type="RigidBody" parent="Environment"]
transform = Transform( -0.780539, 0, -0.625107, 0, 1, 0, 0.625107, 0, -0.780539, -19.1482, 0, -3.66006 )
gravity_scale = 0.0
contacts_reported = 1
contact_monitor = true
linear_velocity = Vector3( 0.000412334, 0, 0.000258565 )
linear_damp = 5.0
angular_velocity = Vector3( 0, -1.82628, 0 )
__meta__ = {
"Name": "Agent-1"
}

[node name="79" type="MeshInstance" parent="Environment/Agent-194"]
transform = Transform( 1.3, 0, 0, 0, 1.3, 0, 0, 0, 1.3, 0, 0, 0 )
material_override = SubResource( 2 )
mesh = SubResource( 3 )

[node name="80" type="CollisionShape" parent="Environment/Agent-194"]
shape = SubResource( 4 )

[node name="Agent-195" type="RigidBody" parent="Environment"]
transform = Transform( 0.771137, 0, 0.636669, 0, 1, 0, -0.636669, 0, 0.771137, 36.2938, 0, -4.34989 )
gravity_scale = 0.0
contacts_reported = 1
contact_monitor = true
linear_velocity = Vector3( 3.92061e-05, 0, 0.000220188 )
linear_damp = 5.0
angular_velocity = Vector3( 0, 0.459599, 0 )
__meta__ = {
"Name": "Agent-1"
}

[node name="79" type="MeshInstance" parent="Environment/Agent-195"]
transform = Transform( 1.3, 0, 0, 0, 1.3, 0, 0, 0, 1.3, 0, 0, 0 )
material_override = SubResource( 2 )
mesh = SubResource( 3 )

[node name="80" type="CollisionShape" parent="Environment/Agent-195"]
shape = SubResource( 4 )

[node name="Agent-196" type="RigidBody" parent="Environment"]
transform = Transform( 0.983318, 0, -0.181896, 0, 1, 0, 0.181896, 0, 0.983318, -35.5176, 0, -8.53851 )
gravity_scale = 0.0
contacts_reported = 1
contact_monitor = true
linear_velocity = Vector3( -0.000214522, 0, -0.000233812 )
linear_damp = 5.0
angular_velocity = Vector3( 0, -3.15336, 0 )
__meta__ = {
"Name": "Agent-1"
}

[node name="79" type="MeshInstance" parent="Environment/Agent-196"]
transform = Transform( 1.3, 0, 0, 0, 1.3, 0, 0, 0, 1.3, 0, 0, 0 )
material_override = SubResource( 2 )
mesh = SubResource( 3 )

[node name="80" type="CollisionShape" parent="Environment/Agent-196"]
shape = SubResource( 4 )

[node name="Agent-197" type="RigidBody" parent="Environment"]
transform = Transform( 0.00263417, 0, -0.999997, 0, 1, 0, 0.999997, 0, 0.00263417, -35.7114, 0, -10.6134 )
gravity_scale = 0.0
contacts_reported = 1
contact_monitor = true
linear_velocity = Vector3( -4.63682e-05, 0, -0.000298225 )
linear_damp = 5.0
angular_velocity = Vector3( 0, -1.42854, 0 )
__meta__ = {
"Name": "Agent-1"
}

[node name="79" type="MeshInstance" parent="Environment/Agent-197"]
transform = Transform( 1.3, 0, 0, 0, 1.3, 0, 0, 0, 1.3, 0, 0, 0 )
material_override = SubResource( 2 )
mesh = SubResource( 3 )

[node name="80" type="CollisionShape" parent="Environment/Agent-197"]
shape = SubResource( 4 )

[node name="Agent-198" type="RigidBody" parent="Environment"]
transform = Transform( 0.617495, 0, -0.786575, 0, 1, 0, 0.786575, 0, 0.617495, -37.001, 0, -21.5612 )
gravity_scale = 0.0
contacts_reported = 1
contact_monitor = true
linear_velocity = Vector3( 0.000145584, 0, 2.80693e-05 )
linear_damp = 5.0
angular_velocity = Vector3( 0, 3.63753, 0 )
__meta__ = {
"Name": "Agent-1"
}

[node name="79" type="MeshInstance" parent="Environment/Agent-198"]
transform = Transform( 1.3, 0, 0, 0, 1.3, 0, 0, 0, 1.3, 0, 0, 0 )
material_override = SubResource( 2 )
mesh = SubResource( 3 )

[node name="80" type="CollisionShape" parent="Environment/Agent-198"]
shape = SubResource( 4 )

[node name="Agent-199" type="RigidBody" parent="Environment"]
transform = Transform( -0.738532, 0, -0.674219, 0, 1, 0, 0.674219, 0, -0.738532, -30.3861, 0, -0.699149 )
gravity_scale = 0.0
contacts_reported = 1
contact_monitor = true
linear_velocity = Vector3( -0.000254586, 0, -0.000135321 )
linear_damp = 5.0
angular_velocity = Vector3( 0, 1.03016, 0 )
__meta__ = {
"Name": "Agent-1"
}

[node name="79" type="MeshInstance" parent="Environment/Agent-199"]
transform = Transform( 1.3, 0, 0, 0, 1.3, 0, 0, 0, 1.3, 0, 0, 0 )
material_override = SubResource( 2 )
mesh = SubResource( 3 )

[node name="80" type="CollisionShape" parent="Environment/Agent-199"]
shape = SubResource( 4 )

[node name="Agent-1100" type="RigidBody" parent="Environment"]
transform = Transform( 0.454746, 0, 0.890621, 0, 1, 0, -0.890621, 0, 0.454746, -22.9563, 0, 1.02124 )
gravity_scale = 0.0
contacts_reported = 1
contact_monitor = true
linear_velocity = Vector3( -0.000649214, 0, -0.000386081 )
linear_damp = 5.0
angular_velocity = Vector3( 0, -0.642779, 0 )
__meta__ = {
"Name": "Agent-1"
}

[node name="79" type="MeshInstance" parent="Environment/Agent-1100"]
transform = Transform( 1.3, 0, 0, 0, 1.3, 0, 0, 0, 1.3, 0, 0, 0 )
material_override = SubResource( 2 )
mesh = SubResource( 3 )

[node name="80" type="CollisionShape" parent="Environment/Agent-1100"]
shape = SubResource( 4 )

[node name="Agent-1101" type="RigidBody" parent="Environment"]
transform = Transform( -0.991827, 0, -0.12759, 0, 1, 0, 0.12759, 0, -0.991827, -22.7843, 0, 5.73804 )
gravity_scale = 0.0
contacts_reported = 1
contact_monitor = true
linear_velocity = Vector3( -3.33428e-05, 0, -0.000111296 )
linear_damp = 5.0
angular_velocity = Vector3( 0, -0.600501, 0 )
__meta__ = {
"Name": "Agent-1"
}

[node name="79" type="MeshInstance" parent="Environment/Agent-1101"]
transform = Transform( 1.3, 0, 0, 0, 1.3, 0, 0, 0, 1.3, 0, 0, 0 )
material_override = SubResource( 2 )
mesh = SubResource( 3 )

[node name="80" type="CollisionShape" parent="Environment/Agent-1101"]
shape = SubResource( 4 )

[node name="Agent-1102" type="RigidBody" parent="Environment"]
transform = Transform( 0.449151, 0, 0.893456, 0, 1, 0, -0.893456, 0, 0.449151, -19.2375, 0, -15.0654 )
gravity_scale = 0.0
contacts_reported = 1
contact_monitor = true
linear_velocity = Vector3( 0.000300858, 0, -2.51736e-05 )
linear_damp = 5.0
angular_velocity = Vector3( 0, 0.0218486, 0 )
__meta__ = {
"Name": "Agent-1"
}

[node name="79" type="MeshInstance" parent="Environment/Agent-1102"]
transform = Transform( 1.3, 0, 0, 0, 1.3, 0, 0, 0, 1.3, 0, 0, 0 )
material_override = SubResource( 2 )
mesh = SubResource( 3 )

[node name="80" type="CollisionShape" parent="Environment/Agent-1102"]
shape = SubResource( 4 )

[node name="Agent-1103" type="RigidBody" parent="Environment"]
transform = Transform( -0.836062, 0, -0.548635, 0, 1, 0, 0.548635, 0, -0.836062, 41.4218, 0, -24.1863 )
gravity_scale = 0.0
contacts_reported = 1
contact_monitor = true
linear_velocity = Vector3( 0.000410753, 0, -0.000236994 )
linear_damp = 5.0
angular_velocity = Vector3( 0, 4.10012, 0 )
__meta__ = {
"Name": "Agent-1"
}

[node name="79" type="MeshInstance" parent="Environment/Agent-1103"]
transform = Transform( 1.3, 0, 0, 0, 1.3, 0, 0, 0, 1.3, 0, 0, 0 )
material_override = SubResource( 2 )
mesh = SubResource( 3 )

[node name="80" type="CollisionShape" parent="Environment/Agent-1103"]
shape = SubResource( 4 )

[node name="Agent-1104" type="RigidBody" parent="Environment"]
transform = Transform( -0.762004, 0, 0.647572, 0, 1, 0, -0.647572, 0, -0.762004, -18.2463, 0, -33.4829 )
gravity_scale = 0.0
contacts_reported = 1
contact_monitor = true
linear_velocity = Vector3( 8.64817e-05, 0, 3.34437e-05 )
linear_damp = 5.0
__meta__ = {
"Name": "Agent-1"
}

[node name="79" type="MeshInstance" parent="Environment/Agent-1104"]
transform = Transform( 1.3, 0, 0, 0, 1.3, 0, 0, 0, 1.3, 0, 0, 0 )
material_override = SubResource( 2 )
mesh = SubResource( 3 )

[node name="80" type="CollisionShape" parent="Environment/Agent-1104"]
shape = SubResource( 4 )

[node name="Agent-1105" type="RigidBody" parent="Environment"]
transform = Transform( -0.983607, 0, 0.180325, 0, 1, 0, -0.180325, 0, -0.983607, -15.2003, 0, -17.531 )
gravity_scale = 0.0
contacts_reported = 1
contact_monitor = true
linear_velocity = Vector3( 5.06689e-05, 0, -1.24227e-05 )
linear_damp = 5.0
angular_velocity = Vector3( 0, 0.062416, 0 )
__meta__ = {
"Name": "Agent-1"
}

[node name="79" type="MeshInstance" parent="Environment/Agent-1105"]
transform = Transform( 1.3, 0, 0, 0, 1.3, 0, 0, 0, 1.3, 0, 0, 0 )
material_override = SubResource( 2 )
mesh = SubResource( 3 )

[node name="80" type="CollisionShape" parent="Environment/Agent-1105"]
shape = SubResource( 4 )

[node name="Agent-1106" type="RigidBody" parent="Environment"]
transform = Transform( -0.758702, 0, 0.651438, 0, 1, 0, -0.651438, 0, -0.758702, 12.9227, 0, 15.2841 )
gravity_scale = 0.0
contacts_reported = 1
contact_monitor = true
linear_velocity = Vector3( -0.000198319, 0, -1.26653e-05 )
linear_damp = 5.0
angular_velocity = Vector3( 0, -0.281688, 0 )
__meta__ = {
"Name": "Agent-1"
}

[node name="79" type="MeshInstance" parent="Environment/Agent-1106"]
transform = Transform( 1.3, 0, 0, 0, 1.3, 0, 0, 0, 1.3, 0, 0, 0 )
material_override = SubResource( 2 )
mesh = SubResource( 3 )

[node name="80" type="CollisionShape" parent="Environment/Agent-1106"]
shape = SubResource( 4 )

[node name="Agent-1107" type="RigidBody" parent="Environment"]
transform = Transform( 0.904195, 0, 0.42712, 0, 1, 0, -0.42712, 0, 0.904195, -23.246, 0, -12.5425 )
gravity_scale = 0.0
contacts_reported = 1
contact_monitor = true
linear_velocity = Vector3( -0.000246554, 0, -0.000175467 )
linear_damp = 5.0
angular_velocity = Vector3( 0, 0.616235, 0 )
__meta__ = {
"Name": "Agent-1"
}

[node name="79" type="MeshInstance" parent="Environment/Agent-1107"]
transform = Transform( 1.3, 0, 0, 0, 1.3, 0, 0, 0, 1.3, 0, 0, 0 )
material_override = SubResource( 2 )
mesh = SubResource( 3 )

[node name="80" type="CollisionShape" parent="Environment/Agent-1107"]
shape = SubResource( 4 )

[node name="Agent-1108" type="RigidBody" parent="Environment"]
transform = Transform( -0.950982, 0, 0.309247, 0, 1, 0, -0.309247, 0, -0.950982, -10.894, 0, 12.1566 )
gravity_scale = 0.0
contacts_reported = 1
contact_monitor = true
linear_velocity = Vector3( 0.000132167, 0, 0.000395983 )
linear_damp = 5.0
angular_velocity = Vector3( 0, 0.568229, 0 )
__meta__ = {
"Name": "Agent-1"
}

[node name="79" type="MeshInstance" parent="Environment/Agent-1108"]
transform = Transform( 1.3, 0, 0, 0, 1.3, 0, 0, 0, 1.3, 0, 0, 0 )
material_override = SubResource( 2 )
mesh = SubResource( 3 )

[node name="80" type="CollisionShape" parent="Environment/Agent-1108"]
shape = SubResource( 4 )

[node name="Agent-1109" type="RigidBody" parent="Environment"]
transform = Transform( 0.917509, 0, -0.397714, 0, 1, 0, 0.397714, 0, 0.917509, -16.3776, 0, 15.0829 )
gravity_scale = 0.0
contacts_reported = 1
contact_monitor = true
linear_velocity = Vector3( 0.000270468, 0, -0.000432344 )
linear_damp = 5.0
__meta__ = {
"Name": "Agent-1"
}

[node name="79" type="MeshInstance" parent="Environment/Agent-1109"]
transform = Transform( 1.3, 0, 0, 0, 1.3, 0, 0, 0, 1.3, 0, 0, 0 )
material_override = SubResource( 2 )
mesh = SubResource( 3 )

[node name="80" type="CollisionShape" parent="Environment/Agent-1109"]
shape = SubResource( 4 )

[node name="Agent-1110" type="RigidBody" parent="Environment"]
transform = Transform( -0.934964, 0, -0.354743, 0, 1, 0, 0.354743, 0, -0.934964, 0.307841, 0, 23.9958 )
gravity_scale = 0.0
contacts_reported = 1
contact_monitor = true
linear_velocity = Vector3( -0.000354589, 0, -1.03235e-05 )
linear_damp = 5.0
__meta__ = {
"Name": "Agent-1"
}

[node name="79" type="MeshInstance" parent="Environment/Agent-1110"]
transform = Transform( 1.3, 0, 0, 0, 1.3, 0, 0, 0, 1.3, 0, 0, 0 )
material_override = SubResource( 2 )
mesh = SubResource( 3 )

[node name="80" type="CollisionShape" parent="Environment/Agent-1110"]
shape = SubResource( 4 )

[node name="Agent-1111" type="RigidBody" parent="Environment"]
transform = Transform( -0.809593, 0, -0.586992, 0, 1, 0, 0.586992, 0, -0.809593, -8.37695, 0, 9.94981 )
gravity_scale = 0.0
contacts_reported = 1
contact_monitor = true
linear_velocity = Vector3( -0.00010913, 0, -0.000304884 )
linear_damp = 5.0
angular_velocity = Vector3( 0, 0.191136, 0 )
__meta__ = {
"Name": "Agent-1"
}

[node name="79" type="MeshInstance" parent="Environment/Agent-1111"]
transform = Transform( 1.3, 0, 0, 0, 1.3, 0, 0, 0, 1.3, 0, 0, 0 )
material_override = SubResource( 2 )
mesh = SubResource( 3 )

[node name="80" type="CollisionShape" parent="Environment/Agent-1111"]
shape = SubResource( 4 )

[node name="Agent-1112" type="RigidBody" parent="Environment"]
transform = Transform( -0.175871, 0, -0.984413, 0, 1, 0, 0.984413, 0, -0.175871, -7.67974, 0, 2.20321 )
gravity_scale = 0.0
contacts_reported = 1
contact_monitor = true
linear_velocity = Vector3( 0.000170849, 0, 0.000152131 )
linear_damp = 5.0
angular_velocity = Vector3( 0, 0.202388, 0 )
__meta__ = {
"Name": "Agent-1"
}

[node name="79" type="MeshInstance" parent="Environment/Agent-1112"]
transform = Transform( 1.3, 0, 0, 0, 1.3, 0, 0, 0, 1.3, 0, 0, 0 )
material_override = SubResource( 2 )
mesh = SubResource( 3 )

[node name="80" type="CollisionShape" parent="Environment/Agent-1112"]
shape = SubResource( 4 )

[node name="Agent-1113" type="RigidBody" parent="Environment"]
transform = Transform( -0.220247, 0, 0.975444, 0, 1, 0, -0.975444, 0, -0.220247, -0.236364, 0, 5.48255 )
gravity_scale = 0.0
contacts_reported = 1
contact_monitor = true
linear_velocity = Vector3( -0.000156387, 0, 0.000329609 )
linear_damp = 5.0
angular_velocity = Vector3( 0, 1.9017, 0 )
__meta__ = {
"Name": "Agent-1"
}

[node name="79" type="MeshInstance" parent="Environment/Agent-1113"]
transform = Transform( 1.3, 0, 0, 0, 1.3, 0, 0, 0, 1.3, 0, 0, 0 )
material_override = SubResource( 2 )
mesh = SubResource( 3 )

[node name="80" type="CollisionShape" parent="Environment/Agent-1113"]
shape = SubResource( 4 )

[node name="Agent-1114" type="RigidBody" parent="Environment"]
transform = Transform( -0.18495, 0, -0.982748, 0, 1, 0, 0.982748, 0, -0.18495, -18.8513, 0, -0.628095 )
gravity_scale = 0.0
contacts_reported = 1
contact_monitor = true
linear_velocity = Vector3( 0.000170229, 0, 6.52021e-05 )
linear_damp = 5.0
angular_velocity = Vector3( 0, -2.49262, 0 )
__meta__ = {
"Name": "Agent-1"
}

[node name="79" type="MeshInstance" parent="Environment/Agent-1114"]
transform = Transform( 1.3, 0, 0, 0, 1.3, 0, 0, 0, 1.3, 0, 0, 0 )
material_override = SubResource( 2 )
mesh = SubResource( 3 )

[node name="80" type="CollisionShape" parent="Environment/Agent-1114"]
shape = SubResource( 4 )

[node name="Agent-1115" type="RigidBody" parent="Environment"]
transform = Transform( 0.915152, 0, -0.403109, 0, 1, 0, 0.403109, 0, 0.915152, 2.86662, 0, -1.10715 )
gravity_scale = 0.0
contacts_reported = 1
contact_monitor = true
linear_velocity = Vector3( -0.000438365, 0, -0.000252536 )
linear_damp = 5.0
angular_velocity = Vector3( 0, -0.162205, 0 )
__meta__ = {
"Name": "Agent-1"
}

[node name="79" type="MeshInstance" parent="Environment/Agent-1115"]
transform = Transform( 1.3, 0, 0, 0, 1.3, 0, 0, 0, 1.3, 0, 0, 0 )
material_override = SubResource( 2 )
mesh = SubResource( 3 )

[node name="80" type="CollisionShape" parent="Environment/Agent-1115"]
shape = SubResource( 4 )

[node name="Agent-1116" type="RigidBody" parent="Environment"]
transform = Transform( -0.0210925, 0, -0.999778, 0, 1, 0, 0.999778, 0, -0.0210925, -10.4604, 0, -10.5929 )
gravity_scale = 0.0
contacts_reported = 1
contact_monitor = true
linear_velocity = Vector3( -0.00019291, 0, 0.000239285 )
linear_damp = 5.0
angular_velocity = Vector3( 0, 1.20546, 0 )
__meta__ = {
"Name": "Agent-1"
}

[node name="79" type="MeshInstance" parent="Environment/Agent-1116"]
transform = Transform( 1.3, 0, 0, 0, 1.3, 0, 0, 0, 1.3, 0, 0, 0 )
material_override = SubResource( 2 )
mesh = SubResource( 3 )

[node name="80" type="CollisionShape" parent="Environment/Agent-1116"]
shape = SubResource( 4 )

[node name="Agent-1117" type="RigidBody" parent="Environment"]
transform = Transform( 0.0244982, 0, 0.9997, 0, 1, 0, -0.9997, 0, 0.0244982, -15.4284, 0, -15.405 )
gravity_scale = 0.0
contacts_reported = 1
contact_monitor = true
linear_velocity = Vector3( 0.000500373, 0, 0.000223738 )
linear_damp = 5.0
angular_velocity = Vector3( 0, -0.619874, 0 )
__meta__ = {
"Name": "Agent-1"
}

[node name="79" type="MeshInstance" parent="Environment/Agent-1117"]
transform = Transform( 1.3, 0, 0, 0, 1.3, 0, 0, 0, 1.3, 0, 0, 0 )
material_override = SubResource( 2 )
mesh = SubResource( 3 )

[node name="80" type="CollisionShape" parent="Environment/Agent-1117"]
shape = SubResource( 4 )

[node name="Agent-1118" type="RigidBody" parent="Environment"]
transform = Transform( -0.797834, 0, -0.602877, 0, 1, 0, 0.602877, 0, -0.797834, -15.6286, 0, 7.02334 )
gravity_scale = 0.0
contacts_reported = 1
contact_monitor = true
linear_velocity = Vector3( 8.34286e-06, 0, 0.000361495 )
linear_damp = 5.0
angular_velocity = Vector3( 0, 0.623319, 0 )
__meta__ = {
"Name": "Agent-1"
}

[node name="79" type="MeshInstance" parent="Environment/Agent-1118"]
transform = Transform( 1.3, 0, 0, 0, 1.3, 0, 0, 0, 1.3, 0, 0, 0 )
material_override = SubResource( 2 )
mesh = SubResource( 3 )

[node name="80" type="CollisionShape" parent="Environment/Agent-1118"]
shape = SubResource( 4 )

[node name="Agent-1119" type="RigidBody" parent="Environment"]
transform = Transform( -0.726933, 0, 0.686708, 0, 1, 0, -0.686708, 0, -0.726933, -3.5179, 0, -27.1322 )
gravity_scale = 0.0
contacts_reported = 1
contact_monitor = true
linear_velocity = Vector3( 0.000572387, 0, 0.000201121 )
linear_damp = 5.0
angular_velocity = Vector3( 0, -0.640682, 0 )
__meta__ = {
"Name": "Agent-1"
}

[node name="79" type="MeshInstance" parent="Environment/Agent-1119"]
transform = Transform( 1.3, 0, 0, 0, 1.3, 0, 0, 0, 1.3, 0, 0, 0 )
material_override = SubResource( 2 )
mesh = SubResource( 3 )

[node name="80" type="CollisionShape" parent="Environment/Agent-1119"]
shape = SubResource( 4 )

[node name="Agent-1120" type="RigidBody" parent="Environment"]
transform = Transform( -0.993983, 0, -0.109537, 0, 1, 0, 0.109537, 0, -0.993983, -17.4794, 0, 2.51464 )
gravity_scale = 0.0
contacts_reported = 1
contact_monitor = true
linear_velocity = Vector3( 7.24586e-05, 0, 0.000474616 )
linear_damp = 5.0
angular_velocity = Vector3( 0, 4.5826, 0 )
__meta__ = {
"Name": "Agent-1"
}

[node name="79" type="MeshInstance" parent="Environment/Agent-1120"]
transform = Transform( 1.3, 0, 0, 0, 1.3, 0, 0, 0, 1.3, 0, 0, 0 )
material_override = SubResource( 2 )
mesh = SubResource( 3 )

[node name="80" type="CollisionShape" parent="Environment/Agent-1120"]
shape = SubResource( 4 )

[node name="Agent-1121" type="RigidBody" parent="Environment"]
transform = Transform( -0.178738, 0, -0.983897, 0, 1, 0, 0.983897, 0, -0.178738, 13.2549, 0, -17.6262 )
gravity_scale = 0.0
contacts_reported = 1
contact_monitor = true
linear_velocity = Vector3( 0.000138863, 0, -0.000167187 )
linear_damp = 5.0
angular_velocity = Vector3( 0, -0.248958, 0 )
__meta__ = {
"Name": "Agent-1"
}

[node name="79" type="MeshInstance" parent="Environment/Agent-1121"]
transform = Transform( 1.3, 0, 0, 0, 1.3, 0, 0, 0, 1.3, 0, 0, 0 )
material_override = SubResource( 2 )
mesh = SubResource( 3 )

[node name="80" type="CollisionShape" parent="Environment/Agent-1121"]
shape = SubResource( 4 )

[node name="Agent-1122" type="RigidBody" parent="Environment"]
transform = Transform( -0.713568, 0, 0.700586, 0, 1, 0, -0.700586, 0, -0.713568, -6.45321, 0, -13.6955 )
gravity_scale = 0.0
contacts_reported = 1
contact_monitor = true
linear_velocity = Vector3( 2.92941e-05, 0, 6.42105e-05 )
linear_damp = 5.0
angular_velocity = Vector3( 0, 1.47017, 0 )
__meta__ = {
"Name": "Agent-1"
}

[node name="79" type="MeshInstance" parent="Environment/Agent-1122"]
transform = Transform( 1.3, 0, 0, 0, 1.3, 0, 0, 0, 1.3, 0, 0, 0 )
material_override = SubResource( 2 )
mesh = SubResource( 3 )

[node name="80" type="CollisionShape" parent="Environment/Agent-1122"]
shape = SubResource( 4 )

[node name="Agent-1123" type="RigidBody" parent="Environment"]
transform = Transform( 0.197814, 0, 0.98024, 0, 1, 0, -0.98024, 0, 0.197814, 0.139941, 0, -30.7009 )
gravity_scale = 0.0
contacts_reported = 1
contact_monitor = true
linear_velocity = Vector3( -0.000224263, 0, 0.000313543 )
linear_damp = 5.0
__meta__ = {
"Name": "Agent-1"
}

[node name="79" type="MeshInstance" parent="Environment/Agent-1123"]
transform = Transform( 1.3, 0, 0, 0, 1.3, 0, 0, 0, 1.3, 0, 0, 0 )
material_override = SubResource( 2 )
mesh = SubResource( 3 )

[node name="80" type="CollisionShape" parent="Environment/Agent-1123"]
shape = SubResource( 4 )

[node name="Agent-1124" type="RigidBody" parent="Environment"]
transform = Transform( 0.99765, 0, -0.06851, 0, 1, 0, 0.06851, 0, 0.99765, -17.4442, 0, -2.12134 )
gravity_scale = 0.0
contacts_reported = 1
contact_monitor = true
linear_velocity = Vector3( 0.000160011, 0, -1.19268e-05 )
linear_damp = 5.0
angular_velocity = Vector3( 0, 2.99204, 0 )
__meta__ = {
"Name": "Agent-1"
}

[node name="79" type="MeshInstance" parent="Environment/Agent-1124"]
transform = Transform( 1.3, 0, 0, 0, 1.3, 0, 0, 0, 1.3, 0, 0, 0 )
material_override = SubResource( 2 )
mesh = SubResource( 3 )

[node name="80" type="CollisionShape" parent="Environment/Agent-1124"]
shape = SubResource( 4 )

[node name="Agent-2" type="RigidBody" parent="Environment"]
transform = Transform( 0.415389, 0, -0.909644, 0, 1, 0, 0.909644, 0, 0.415389, -28.9524, 0, 12.3457 )
gravity_scale = 0.0
contacts_reported = 1
contact_monitor = true
linear_velocity = Vector3( -1.41631e-05, 0, 2.75326e-05 )
linear_damp = 5.0
angular_velocity = Vector3( 0, 1.54708, 0 )
__meta__ = {
"Name": "Agent-2"
}

[node name="83" type="MeshInstance" parent="Environment/Agent-2"]
transform = Transform( 1.3, 0, 0, 0, 1.3, 0, 0, 0, 1.3, 0, 0, 0 )
material_override = SubResource( 5 )
mesh = SubResource( 6 )

[node name="84" type="CollisionShape" parent="Environment/Agent-2"]
shape = SubResource( 7 )

[node name="Agent-2125" type="RigidBody" parent="Environment"]
transform = Transform( 0.80738, 0, -0.590032, 0, 1, 0, 0.590032, 0, 0.80738, -30.6642, 0, 8.5886 )
gravity_scale = 0.0
contacts_reported = 1
contact_monitor = true
linear_velocity = Vector3( -1.13582e-05, 0, -7.30286e-05 )
linear_damp = 5.0
angular_velocity = Vector3( 0, 1.33064, 0 )
__meta__ = {
"Name": "Agent-2"
}

[node name="83" type="MeshInstance" parent="Environment/Agent-2125"]
transform = Transform( 1.3, 0, 0, 0, 1.3, 0, 0, 0, 1.3, 0, 0, 0 )
material_override = SubResource( 5 )
mesh = SubResource( 6 )

[node name="84" type="CollisionShape" parent="Environment/Agent-2125"]
shape = SubResource( 7 )

[node name="Agent-2126" type="RigidBody" parent="Environment"]
transform = Transform( 0.98607, 0, -0.166331, 0, 1, 0, 0.166331, 0, 0.98607, -28.1545, 0, 7.94756 )
gravity_scale = 0.0
contacts_reported = 1
contact_monitor = true
linear_velocity = Vector3( 2.66172e-05, 0, -4.40387e-06 )
linear_damp = 5.0
angular_velocity = Vector3( 0, 0.570288, 0 )
__meta__ = {
"Name": "Agent-2"
}

[node name="83" type="MeshInstance" parent="Environment/Agent-2126"]
transform = Transform( 1.3, 0, 0, 0, 1.3, 0, 0, 0, 1.3, 0, 0, 0 )
material_override = SubResource( 5 )
mesh = SubResource( 6 )

[node name="84" type="CollisionShape" parent="Environment/Agent-2126"]
shape = SubResource( 7 )

[node name="Agent-2127" type="RigidBody" parent="Environment"]
transform = Transform( -0.972298, 0, 0.233744, 0, 1, 0, -0.233744, 0, -0.972298, -29.7044, 0, 5.18446 )
gravity_scale = 0.0
contacts_reported = 1
contact_monitor = true
linear_velocity = Vector3( -2.38863e-06, 0, -5.62818e-05 )
linear_damp = 5.0
angular_velocity = Vector3( 0, -1.08329, 0 )
__meta__ = {
"Name": "Agent-2"
}

[node name="83" type="MeshInstance" parent="Environment/Agent-2127"]
transform = Transform( 1.3, 0, 0, 0, 1.3, 0, 0, 0, 1.3, 0, 0, 0 )
material_override = SubResource( 5 )
mesh = SubResource( 6 )

[node name="84" type="CollisionShape" parent="Environment/Agent-2127"]
shape = SubResource( 7 )

[node name="Agent-2128" type="RigidBody" parent="Environment"]
transform = Transform( -0.329968, 0, 0.943992, 0, 1, 0, -0.943992, 0, -0.329968, -28.4018, 0, 2.96583 )
gravity_scale = 0.0
contacts_reported = 1
contact_monitor = true
linear_velocity = Vector3( 3.09881e-05, 0, -4.90914e-05 )
linear_damp = 5.0
angular_velocity = Vector3( 0, -0.723246, 0 )
__meta__ = {
"Name": "Agent-2"
}

[node name="83" type="MeshInstance" parent="Environment/Agent-2128"]
transform = Transform( 1.3, 0, 0, 0, 1.3, 0, 0, 0, 1.3, 0, 0, 0 )
material_override = SubResource( 5 )
mesh = SubResource( 6 )

[node name="84" type="CollisionShape" parent="Environment/Agent-2128"]
shape = SubResource( 7 )

[node name="Agent-2129" type="RigidBody" parent="Environment"]
transform = Transform( 0.412097, 0, 0.91114, 0, 1, 0, -0.91114, 0, 0.412097, -25.7181, 0, 6.75764 )
gravity_scale = 0.0
contacts_reported = 1
contact_monitor = true
linear_velocity = Vector3( 7.94855e-05, 0, 5.08413e-05 )
linear_damp = 5.0
angular_velocity = Vector3( 0, -0.313929, 0 )
__meta__ = {
"Name": "Agent-2"
}

[node name="83" type="MeshInstance" parent="Environment/Agent-2129"]
transform = Transform( 1.3, 0, 0, 0, 1.3, 0, 0, 0, 1.3, 0, 0, 0 )
material_override = SubResource( 5 )
mesh = SubResource( 6 )

[node name="84" type="CollisionShape" parent="Environment/Agent-2129"]
shape = SubResource( 7 )

[node name="Agent-2130" type="RigidBody" parent="Environment"]
transform = Transform( 0.275648, 0, -0.961259, 0, 1, 0, 0.961259, 0, 0.275648, -26.9252, 0, 1.13218 )
gravity_scale = 0.0
contacts_reported = 1
contact_monitor = true
linear_velocity = Vector3( 2.6402e-07, 0, -0.000146281 )
linear_damp = 5.0
angular_velocity = Vector3( 0, 0.350666, 0 )
__meta__ = {
"Name": "Agent-2"
}

[node name="83" type="MeshInstance" parent="Environment/Agent-2130"]
transform = Transform( 1.3, 0, 0, 0, 1.3, 0, 0, 0, 1.3, 0, 0, 0 )
material_override = SubResource( 5 )
mesh = SubResource( 6 )

[node name="84" type="CollisionShape" parent="Environment/Agent-2130"]
shape = SubResource( 7 )

[node name="Agent-2131" type="RigidBody" parent="Environment"]
transform = Transform( 0.451328, 0, -0.892358, 0, 1, 0, 0.892358, 0, 0.451328, -25.0546, 0, 9.30031 )
gravity_scale = 0.0
contacts_reported = 1
contact_monitor = true
linear_velocity = Vector3( 6.3731e-05, 0, -2.5644e-05 )
linear_damp = 5.0
angular_velocity = Vector3( 0, -0.218693, 0 )
__meta__ = {
"Name": "Agent-2"
}

[node name="83" type="MeshInstance" parent="Environment/Agent-2131"]
transform = Transform( 1.3, 0, 0, 0, 1.3, 0, 0, 0, 1.3, 0, 0, 0 )
material_override = SubResource( 5 )
mesh = SubResource( 6 )

[node name="84" type="CollisionShape" parent="Environment/Agent-2131"]
shape = SubResource( 7 )

[node name="Agent-2132" type="RigidBody" parent="Environment"]
transform = Transform( 0.949404, 0, 0.314059, 0, 1, 0, -0.314059, 0, 0.949404, -25.8097, 0, 12.3547 )
gravity_scale = 0.0
contacts_reported = 1
contact_monitor = true
linear_velocity = Vector3( 4.98055e-05, 0, 2.26808e-05 )
linear_damp = 5.0
angular_velocity = Vector3( 0, 0.0753276, 0 )
__meta__ = {
"Name": "Agent-2"
}

[node name="83" type="MeshInstance" parent="Environment/Agent-2132"]
transform = Transform( 1.3, 0, 0, 0, 1.3, 0, 0, 0, 1.3, 0, 0, 0 )
material_override = SubResource( 5 )
mesh = SubResource( 6 )

[node name="84" type="CollisionShape" parent="Environment/Agent-2132"]
shape = SubResource( 7 )

[node name="Agent-2133" type="RigidBody" parent="Environment"]
transform = Transform( 0.438428, 0, -0.898767, 0, 1, 0, 0.898767, 0, 0.438428, -27.0014, 0, 10.6827 )
gravity_scale = 0.0
contacts_reported = 1
contact_monitor = true
linear_velocity = Vector3( 8.31595e-05, 0, 4.77212e-05 )
linear_damp = 5.0
angular_velocity = Vector3( 0, -0.91647, 0 )
__meta__ = {
"Name": "Agent-2"
}

[node name="83" type="MeshInstance" parent="Environment/Agent-2133"]
transform = Transform( 1.3, 0, 0, 0, 1.3, 0, 0, 0, 1.3, 0, 0, 0 )
material_override = SubResource( 5 )
mesh = SubResource( 6 )

[node name="84" type="CollisionShape" parent="Environment/Agent-2133"]
shape = SubResource( 7 )

[node name="Agent-2134" type="RigidBody" parent="Environment"]
transform = Transform( 0.832205, 0, 0.554468, 0, 1, 0, -0.554468, 0, 0.832205, -32.4691, 0, 10.4805 )
gravity_scale = 0.0
contacts_reported = 1
contact_monitor = true
linear_velocity = Vector3( -2.31615e-05, 0, 2.03251e-05 )
linear_damp = 5.0
angular_velocity = Vector3( 0, -0.327282, 0 )
__meta__ = {
"Name": "Agent-2"
}

[node name="83" type="MeshInstance" parent="Environment/Agent-2134"]
transform = Transform( 1.3, 0, 0, 0, 1.3, 0, 0, 0, 1.3, 0, 0, 0 )
material_override = SubResource( 5 )
mesh = SubResource( 6 )

[node name="84" type="CollisionShape" parent="Environment/Agent-2134"]
shape = SubResource( 7 )

[node name="Agent-2135" type="RigidBody" parent="Environment"]
transform = Transform( 0.309406, 0, -0.95093, 0, 1, 0, 0.95093, 0, 0.309406, -31.8474, 0, 5.49789 )
gravity_scale = 0.0
contacts_reported = 1
contact_monitor = true
linear_velocity = Vector3( -1.20642e-05, 0, -8.69361e-05 )
linear_damp = 5.0
angular_velocity = Vector3( 0, -0.206213, 0 )
__meta__ = {
"Name": "Agent-2"
}

[node name="83" type="MeshInstance" parent="Environment/Agent-2135"]
transform = Transform( 1.3, 0, 0, 0, 1.3, 0, 0, 0, 1.3, 0, 0, 0 )
material_override = SubResource( 5 )
mesh = SubResource( 6 )

[node name="84" type="CollisionShape" parent="Environment/Agent-2135"]
shape = SubResource( 7 )

[node name="Agent-2136" type="RigidBody" parent="Environment"]
transform = Transform( 0.822111, 0, -0.569327, 0, 1, 0, 0.569327, 0, 0.822111, -24.6422, 0, 4.78403 )
gravity_scale = 0.0
contacts_reported = 1
contact_monitor = true
linear_velocity = Vector3( 7.94051e-05, 0, -2.05433e-06 )
linear_damp = 5.0
angular_velocity = Vector3( 0, -0.0498791, 0 )
__meta__ = {
"Name": "Agent-2"
}

[node name="83" type="MeshInstance" parent="Environment/Agent-2136"]
transform = Transform( 1.3, 0, 0, 0, 1.3, 0, 0, 0, 1.3, 0, 0, 0 )
material_override = SubResource( 5 )
mesh = SubResource( 6 )

[node name="84" type="CollisionShape" parent="Environment/Agent-2136"]
shape = SubResource( 7 )

[node name="Agent-2137" type="RigidBody" parent="Environment"]
transform = Transform( -0.612376, 0, 0.790567, 0, 1, 0, -0.790567, 0, -0.612376, -24.0224, 0, 11.4456 )
gravity_scale = 0.0
contacts_reported = 1
contact_monitor = true
linear_velocity = Vector3( 4.47176e-05, 0, 5.61178e-06 )
linear_damp = 5.0
angular_velocity = Vector3( 0, -0.212825, 0 )
__meta__ = {
"Name": "Agent-2"
}

[node name="83" type="MeshInstance" parent="Environment/Agent-2137"]
transform = Transform( 1.3, 0, 0, 0, 1.3, 0, 0, 0, 1.3, 0, 0, 0 )
material_override = SubResource( 5 )
mesh = SubResource( 6 )

[node name="84" type="CollisionShape" parent="Environment/Agent-2137"]
shape = SubResource( 7 )
